500
4 7 142
2 11 916
4 12 745
4 20 112
7 23 192
7 25 299
15 25 102
11 26 252
25 26 165
15 28 260
20 28 217
22 28 259
27 32 231
3 34 456
31 34 241
0 36 172
1 38 173
10 38 148
33 38 143
14 40 284
16 42 345
24 44 787
26 44 692
27 45 139
32 45 350
12 46 188
36 50 304
3 51 224
33 51 146
34 51 274
7 52 236
14 52 307
1 53 134
3 53 206
33 53 149
38 53 271
32 54 134
29 55 297
41 55 258
7 56 279
12 56 106
45 57 102
47 57 156
2 58 431
21 59 328
36 60 132
50 60 135
15 61 218
20 61 229
59 61 304
3 62 163
31 62 326
38 62 904
51 62 374
58 63 174
29 65 314
64 65 225
57 66 269
4 67 347
7 67 167
23 67 198
25 67 318
28 67 243
35 67 290
19 68 168
46 69 263
47 70 211
37 71 207
0 72 142
20 74 124
61 74 265
68 75 146
1 76 333
41 76 219
68 76 190
17 77 467
33 77 203
53 77 141
64 77 260
5 79 116
7 79 318
52 79 833
68 79 187
8 80 204
41 81 246
55 81 160
65 81 719
72 82 646
21 83 444
48 84 302
29 85 280
65 85 156
81 85 159
66 86 200
3 87 167
4 87 181
25 87 123
25 88 240
76 88 909
79 88 101
82 88 105
35 89 143
40 89 170
49 90 272
73 90 374
89 91 579
64 93 145
75 93 203
9 94 239
68 94 978
75 94 228
60 95 146
27 96 133
32 96 175
19 97 259
20 97 160
83 97 264
32 98 275
49 98 395
50 98 127
70 98 912
24 99 256
34 99 143
35 99 220
55 99 801
91 99 361
78 101 296
16 102 156
42 102 191
75 102 245
43 103 230
54 104 148
95 104 311
26 105 162
46 105 210
8 106 266
80 106 345
24 107 263
84 107 198
40 108 292
52 108 193
55 109 373
76 109 152
3 110 107
54 110 153
87 110 193
88 110 201
5 111 351
10 111 869
19 111 221
68 111 255
71 111 246
109 111 210
1 112 310
26 112 233
39 112 110
88 112 326
83 113 223
7 114 843
15 114 238
20 114 927
22 114 357
28 114 275
23 115 190
49 115 167
69 116 340
73 116 893
90 116 180
36 117 305
95 117 100
1 118 489
9 118 197
38 118 723
4 119 279
11 119 108
12 119 244
105 119 242
41 120 208
68 120 142
19 121 700
29 121 342
81 121 114
120 121 213
78 122 320
101 122 237
107 123 117
119 123 187
72 124 965
117 124 391
78 125 192
49 126 194
51 126 255
59 126 117
87 126 269
116 126 828
70 127 255
106 127 351
30 128 194
65 128 203
23 129 140
71 129 162
27 130 189
45 130 260
60 130 114
98 130 215
43 131 231
80 131 204
106 131 635
24 132 138
48 132 178
35 133 169
41 133 244
55 133 279
120 133 190
121 133 317
43 134 224
103 134 217
16 135 294
42 135 198
102 135 156
80 136 809
103 136 618
131 136 524
11 137 166
84 137 175
17 138 114
64 138 125
75 138 173
104 138 159
66 139 169
68 140 281
75 140 197
103 140 302
111 140 783
129 140 335
32 141 229
95 141 285
104 141 186
130 141 109
31 142 380
51 142 209
16 143 125
42 143 146
102 143 206
135 143 205
43 144 152
97 144 258
103 144 349
47 145 112
70 145 263
127 145 139
36 146 185
60 146 212
95 146 264
58 147 143
73 147 154
137 147 281
77 148 124
147 148 352
48 149 204
100 149 184
40 150 361
108 150 984
115 150 889
142 150 251
92 151 179
138 151 292
102 152 348
128 152 133
64 153 296
151 153 287
22 154 128
24 155 269
35 155 232
44 155 339
100 155 362
123 155 260
19 156 715
68 156 211
76 156 632
94 156 264
109 156 215
118 156 285
133 156 183
140 156 291
43 157 247
89 157 164
144 157 292
98 158 143
141 158 216
149 159 294
155 159 235
9 160 173
78 160 165
34 162 292
35 162 315
40 162 109
52 162 826
62 162 177
67 162 255
118 162 216
19 164 264
38 164 182
76 164 161
111 164 531
156 164 345
29 165 151
41 165 299
81 165 222
85 165 200
121 165 270
133 165 229
164 165 251
63 166 244
147 166 101
149 166 608
49 167 372
93 167 224
153 167 233
94 168 177
120 168 302
133 168 348
37 169 235
92 169 206
153 169 231
8 170 185
131 170 223
134 170 199
136 170 257
23 171 143
49 171 187
158 171 185
166 171 230
23 172 236
124 172 234
158 172 178
163 172 221
2 173 166
90 173 640
116 173 188
11 174 207
24 174 125
44 174 142
84 174 213
107 174 785
123 174 216
132 174 778
29 175 938
81 175 332
21 176 276
61 176 199
97 176 242
113 176 235
48 177 207
100 177 350
159 177 280
30 178 753
128 178 332
152 178 221
84 179 225
107 179 984
132 179 351
149 179 164
177 179 181
92 180 170
138 180 188
168 181 223
56 182 126
63 182 129
90 182 260
8 183 216
80 183 155
86 183 218
131 183 210
157 183 286
94 184 307
27 185 153
32 185 446
130 185 290
141 185 183
146 185 160
158 185 104
54 186 151
64 186 159
85 186 270
93 186 224
113 186 168
138 186 127
164 186 200
180 186 568
0 187 110
50 187 103
95 187 169
117 187 158
124 187 160
146 187 594
158 187 245
25 188 196
26 188 186
46 188 319
56 188 107
69 188 202
116 189 226
173 189 194
0 190 188
36 190 306
50 190 136
95 190 126
117 190 229
124 190 182
146 190 414
22 191 252
134 191 191
171 191 205
49 192 244
50 192 181
54 192 199
93 192 196
98 192 170
31 193 343
34 193 269
51 193 165
27 194 411
57 194 212
145 194 285
54 195 457
104 195 338
125 195 253
142 195 315
146 195 181
180 195 203
185 195 160
57 196 329
66 196 159
139 196 153
194 196 231
4 197 239
35 197 202
91 197 334
97 197 169
121 197 218
123 197 203
25 198 126
37 198 201
76 198 128
11 199 310
24 199 272
26 199 101
39 199 327
69 199 242
105 199 208
15 200 207
28 200 255
59 200 279
61 200 198
74 200 120
2 201 148
63 201 241
137 201 151
147 201 621
166 201 338
49 202 245
73 202 144
87 202 308
126 202 222
147 202 165
153 202 158
171 202 304
89 203 160
115 203 191
150 203 217
177 203 881
181 203 275
9 204 157
14 204 197
40 204 199
52 204 191
150 204 240
162 204 243
32 205 110
57 205 226
70 205 739
145 205 128
194 205 196
75 206 880
129 206 273
151 206 150
167 206 544
184 206 156
49 207 282
58 207 618
115 207 307
154 207 213
202 207 228
92 208 276
129 208 238
151 208 153
153 208 101
167 208 286
171 208 125
184 208 244
206 208 365
6 209 231
18 209 215
88 209 226
183 209 147
39 210 355
112 210 216
118 210 916
122 210 390
160 210 369
1 211 226
9 211 304
10 211 173
40 211 254
118 211 310
54 212 290
125 212 226
137 212 190
148 212 218
1 213 235
9 213 145
10 213 213
52 213 121
68 213 210
118 213 212
43 214 655
68 214 119
138 214 151
140 214 204
21 215 303
64 215 157
83 215 188
113 215 219
134 215 313
11 216 135
39 216 180
112 216 236
212 216 336
65 217 192
85 217 310
93 217 979
175 217 719
178 217 196
181 217 705
51 218 194
110 218 274
126 218 150
192 218 323
195 218 978
43 219 814
68 219 193
97 219 138
103 219 156
114 219 156
9 220 110
17 220 229
77 220 128
21 221 248
93 221 136
113 221 666
134 221 241
215 221 294
13 222 228
152 222 243
161 222 620
86 223 142
139 223 929
196 223 207
93 224 449
138 224 298
175 224 247
180 224 268
3 225 169
81 225 117
83 225 474
87 225 359
99 225 261
197 225 378
37 226 324
71 226 345
109 226 650
169 226 146
198 226 371
92 227 201
115 227 314
126 227 120
142 227 285
171 227 308
185 227 223
189 227 271
195 227 172
207 227 436
72 228 289
82 228 226
96 228 169
18 229 959
47 229 241
57 229 107
66 229 257
194 229 314
223 229 163
2 230 212
26 230 145
87 230 568
119 230 192
137 230 314
147 230 294
199 230 977
41 231 180
55 231 190
121 231 228
168 231 147
30 232 225
165 232 111
13 233 240
152 233 755
161 233 232
178 233 183
4 234 181
25 234 177
62 234 252
67 234 193
87 234 130
96 234 200
126 234 230
49 235 518
59 235 279
154 235 115
191 235 191
221 235 163
25 236 189
34 236 187
67 236 148
69 236 162
87 236 137
99 236 111
126 236 198
199 236 674
200 236 170
226 236 222
25 237 104
40 237 250
67 237 144
89 237 194
115 237 235
18 238 270
57 238 300
176 238 204
209 238 173
7 239 198
35 239 231
52 239 255
91 239 121
120 239 797
197 239 332
219 239 629
5 240 750
18 240 230
34 240 239
39 240 182
88 240 234
109 240 284
110 240 760
218 240 151
236 240 435
14 241 146
75 241 275
79 241 296
104 241 311
192 241 272
43 242 261
80 242 324
103 242 159
157 242 137
203 242 137
221 242 227
71 243 144
184 243 263
198 243 667
206 243 647
237 243 268
73 244 228
173 244 116
182 244 118
189 244 281
201 244 200
13 245 440
133 245 633
161 245 174
232 245 222
39 246 273
125 246 288
148 246 135
212 246 314
216 246 281
80 247 168
106 247 285
170 247 195
195 247 542
0 248 312
36 248 142
50 248 215
95 248 237
124 248 191
187 248 151
241 248 160
119 249 168
210 249 388
216 249 187
246 249 165
44 250 319
100 250 109
123 250 283
155 250 262
159 250 299
239 250 210
3 251 191
31 251 149
51 251 226
77 251 158
202 251 113
15 252 136
20 252 158
59 252 578
83 252 364
87 252 228
200 252 516
27 253 219
32 253 882
98 253 185
141 253 329
145 253 274
158 253 110
202 253 243
13 254 334
41 254 227
89 254 275
133 254 224
168 254 197
181 254 166
231 254 236
92 255 103
153 255 318
167 255 246
184 255 158
206 255 137
207 255 393
191 256 213
5 257 327
23 257 189
79 257 252
122 257 257
124 257 220
136 257 125
140 257 269
172 257 117
241 257 161
4 258 108
5 258 974
19 258 121
79 258 690
110 258 191
249 258 307
65 259 216
168 259 136
217 259 144
203 260 149
207 260 306
106 261 247
238 261 123
247 261 288
43 262 108
114 262 177
154 262 395
191 262 235
256 262 257
46 263 282
56 263 319
244 263 337
21 264 342
83 264 772
176 264 285
221 264 897
224 264 115
261 264 244
17 265 340
33 265 171
53 265 196
224 265 193
34 266 272
40 266 206
108 266 175
204 266 132
58 267 253
78 267 299
115 267 278
177 267 293
201 267 258
66 268 317
136 268 334
139 268 289
172 268 183
223 268 169
5 269 178
45 269 356
66 269 288
96 269 150
163 269 206
172 269 149
21 270 230
51 270 239
99 270 328
126 270 967
132 270 124
225 270 272
71 271 220
129 271 324
184 271 180
198 271 152
226 271 262
243 271 146
4 272 207
27 272 256
45 272 264
96 272 270
163 272 262
196 272 189
258 272 227
269 272 217
0 273 949
72 273 153
82 273 194
117 273 179
190 273 128
248 273 105
92 274 216
115 274 256
129 274 887
151 274 132
167 274 185
184 274 122
243 274 169
255 274 547
9 275 139
14 275 288
17 275 174
75 275 374
211 275 170
213 275 133
220 275 240
6 276 613
47 276 270
66 276 160
96 276 606
194 276 305
196 276 178
205 276 217
223 276 147
91 277 277
99 277 316
174 277 200
176 277 281
193 277 184
197 277 136
270 277 205
65 278 260
152 278 253
168 278 105
175 278 259
181 278 164
217 278 203
260 278 213
2 279 397
11 279 360
107 279 310
119 279 265
137 279 125
147 279 224
199 279 291
246 279 280
15 280 648
20 280 151
28 280 102
59 280 180
74 280 157
234 280 181
252 280 255
6 281 221
18 281 164
21 281 267
47 281 295
218 281 277
238 281 240
247 281 176
261 281 339
104 282 233
158 282 719
170 282 246
171 282 144
187 282 217
192 282 120
195 282 209
241 282 248
257 282 177
79 283 183
101 283 220
104 283 133
108 283 149
117 283 263
131 283 119
214 283 256
257 283 267
282 283 142
28 284 167
35 284 147
97 284 258
103 284 256
156 284 179
157 284 188
219 284 298
72 285 158
228 285 197
258 285 321
272 285 150
3 286 210
31 286 227
54 286 271
62 286 338
142 286 311
193 286 233
251 286 245
11 287 250
105 287 198
119 287 281
199 287 195
128 288 198
161 288 236
178 288 241
222 288 133
233 288 856
259 288 294
44 289 318
84 289 143
107 289 164
123 289 186
132 289 289
155 289 318
78 290 166
148 290 159
192 290 129
212 290 133
101 291 166
122 291 157
125 291 120
148 291 260
160 291 118
166 291 195
220 291 227
282 291 222
290 291 232
14 292 354
23 292 273
52 292 269
108 292 106
150 292 179
162 292 243
257 292 210
266 292 882
38 293 216
112 293 129
210 293 227
212 293 298
246 293 163
249 293 346
25 294 153
35 294 198
41 294 177
44 294 194
89 294 988
99 294 217
225 294 198
239 294 288
277 294 724
44 295 272
89 295 189
100 295 199
155 295 122
177 295 947
80 296 340
104 296 178
131 296 103
170 296 225
247 296 106
261 296 125
57 297 317
86 297 265
139 297 980
209 297 189
223 297 163
229 297 265
276 297 146
13 298 254
152 298 288
161 298 981
178 298 227
181 298 139
222 298 370
117 299 208
141 299 252
158 299 259
163 299 263
172 299 173
283 299 315
16 300 245
42 300 151
102 300 240
135 300 110
143 300 172
12 301 200
116 301 210
188 301 228
234 301 348
21 302 228
113 302 721
134 302 264
180 302 182
242 302 332
247 302 700
264 302 215
26 303 187
63 303 170
105 303 209
237 303 131
267 303 178
287 303 259
295 303 203
2 304 236
58 304 235
125 304 864
137 304 110
166 304 254
179 304 157
189 304 534
201 304 159
227 304 261
267 304 291
279 304 220
6 305 221
97 305 285
196 305 238
238 305 293
258 305 161
63 306 246
122 306 108
160 306 222
241 306 334
275 306 271
290 306 135
291 306 173
98 307 345
141 307 324
158 307 259
172 307 344
241 307 203
248 307 213
128 308 186
222 308 949
233 308 590
288 308 192
298 308 185
12 309 250
46 309 128
56 309 211
69 309 335
287 309 207
301 309 124
70 310 266
86 310 192
127 310 330
139 310 437
268 310 249
307 310 169
36 311 295
106 311 530
192 311 314
195 311 198
207 311 247
241 311 135
283 311 277
59 312 215
74 312 214
154 312 287
191 312 249
202 312 185
215 312 389
235 312 291
252 312 327
256 312 283
70 313 768
80 313 234
106 313 191
170 313 240
192 313 260
221 313 250
261 313 136
281 313 187
89 314 232
91 314 801
99 314 328
144 314 845
197 314 143
231 314 109
266 314 281
294 314 775
23 315 515
63 315 263
105 315 265
122 315 177
159 315 160
166 315 201
267 315 236
287 315 189
58 316 196
78 316 196
101 316 255
125 316 216
148 316 940
160 316 164
290 316 804
306 316 291
311 316 228
1 317 646
10 317 234
33 317 136
193 317 246
216 317 141
265 317 232
26 318 226
119 318 223
137 318 164
230 318 240
234 318 210
279 318 177
287 318 229
289 318 305
293 318 334
301 318 233
25 319 243
45 319 215
82 319 372
88 319 277
96 319 206
163 319 249
297 319 193
30 320 250
55 320 292
245 320 153
35 321 367
89 321 159
100 321 227
168 321 290
203 321 305
204 321 210
239 321 246
260 321 208
314 321 417
37 322 100
92 322 209
151 322 194
167 322 839
169 322 210
224 322 339
255 322 180
4 323 181
23 323 253
25 323 262
46 323 216
105 323 255
163 323 188
236 323 254
237 323 170
266 323 269
271 323 206
314 323 906
19 324 174
37 324 235
76 324 130
109 324 137
111 324 145
176 324 154
186 324 778
224 324 185
317 324 280
4 325 339
27 325 138
31 325 208
74 325 115
169 325 177
202 325 244
227 325 251
234 325 330
236 325 773
279 325 202
48 326 914
58 326 327
100 326 191
177 326 160
179 326 114
260 326 184
13 327 663
161 327 584
222 327 185
231 327 244
320 327 347
33 328 336
39 328 866
125 328 372
148 328 173
216 328 245
218 328 706
290 328 206
293 328 327
91 329 983
97 329 362
103 329 234
111 329 430
144 329 290
157 329 284
176 329 143
219 329 174
8 330 277
18 330 184
131 330 181
136 330 170
144 330 222
183 330 301
209 330 232
305 330 437
20 331 206
61 331 205
114 331 198
200 331 119
280 331 184
329 331 235
13 332 172
152 332 103
168 332 258
233 332 126
245 332 132
288 332 255
298 332 283
327 332 294
19 333 161
29 333 133
64 333 294
109 333 200
164 333 151
169 333 154
180 333 290
186 333 374
224 333 106
324 333 882
12 334 249
69 334 149
73 334 231
87 334 295
116 334 108
173 334 192
188 334 189
230 334 183
301 334 259
19 335 156
53 335 120
64 335 243
76 335 124
81 335 353
83 335 196
109 335 990
110 335 190
164 335 156
186 335 198
224 335 193
17 336 120
78 336 128
101 336 192
104 336 157
125 336 162
148 336 124
201 336 472
212 336 141
291 336 309
306 336 297
15 337 279
20 337 140
22 337 927
144 337 262
200 337 376
262 337 106
323 337 169
331 337 515
120 338 216
161 338 266
222 338 184
233 338 314
245 338 281
332 338 195
13 339 127
161 339 255
232 339 104
320 339 100
327 339 206
338 339 123
39 340 859
53 340 142
110 340 151
112 340 307
148 340 899
212 340 239
230 340 195
249 340 204
293 340 269
328 340 232
2 341 262
49 341 271
87 341 186
126 341 291
130 341 305
173 341 359
207 341 210
227 341 136
322 341 203
325 341 194
18 342 297
21 342 303
83 342 149
99 342 234
109 342 266
144 342 204
176 342 136
200 342 147
284 342 183
329 342 310
24 343 147
44 343 306
84 343 362
123 343 151
132 343 197
225 343 213
230 343 284
289 343 114
26 344 269
67 344 730
119 344 222
155 344 265
199 344 242
210 344 110
303 344 182
315 344 496
318 344 257
43 345 225
113 345 110
134 345 290
138 345 209
215 345 231
242 345 171
256 345 210
264 345 283
296 345 127
302 345 156
58 346 333
101 346 225
105 346 139
166 346 167
201 346 968
263 346 112
267 346 140
303 346 106
315 346 234
30 347 212
152 347 308
175 347 348
178 347 168
308 347 216
22 348 309
114 348 173
154 348 302
191 348 137
235 348 366
256 348 176
4 349 173
11 349 875
25 349 222
37 349 360
45 349 185
61 349 608
126 349 152
193 349 238
236 349 201
277 349 198
325 349 138
341 349 173
33 350 722
77 350 125
93 350 242
220 350 353
265 350 237
275 350 165
290 350 161
7 351 154
26 351 241
56 351 264
63 351 228
119 351 340
250 351 281
287 351 266
315 351 225
344 351 261
346 351 164
30 352 206
55 352 305
65 352 175
81 352 161
165 352 365
175 352 120
217 352 231
270 352 140
29 353 108
41 353 152
55 353 192
85 353 140
121 353 123
175 353 716
277 353 254
324 353 249
352 353 159
8 354 124
106 354 362
136 354 215
170 354 333
183 354 244
241 354 165
296 354 157
310 354 345
313 354 222
74 355 304
97 355 210
113 355 960
176 355 125
215 355 169
264 355 145
302 355 217
333 355 250
342 355 199
23 356 177
46 356 291
56 356 277
182 356 162
263 356 184
309 356 110
315 356 765
3 357 271
31 357 137
51 357 311
142 357 861
193 357 230
265 357 180
341 357 207
10 358 271
19 358 196
38 358 284
53 358 236
118 358 221
213 358 263
249 358 915
317 358 216
31 359 268
38 359 219
77 359 114
246 359 130
265 359 313
317 359 239
333 359 246
358 359 165
14 360 276
49 360 152
51 360 316
150 360 310
192 360 235
251 360 311
286 360 173
350 360 203
357 360 183
5 361 188
10 361 141
39 361 164
122 361 193
216 361 202
249 361 587
287 361 175
293 361 241
30 362 787
320 362 175
339 362 250
347 362 736
353 362 164
12 363 188
69 363 350
73 363 243
173 363 276
189 363 171
279 363 237
301 363 188
325 363 281
32 364 146
50 364 246
54 364 209
95 364 273
146 364 139
228 364 139
0 365 223
158 365 218
163 365 195
307 365 361
75 366 275
120 366 130
168 366 232
217 366 936
233 366 893
254 366 318
259 366 379
278 366 278
175 367 129
225 367 284
260 367 294
264 367 851
270 367 216
277 367 112
341 367 258
357 367 105
23 368 268
28 368 279
103 368 229
114 368 340
191 368 381
262 368 110
331 368 158
337 368 144
348 368 212
70 369 113
80 369 247
86 369 226
127 369 138
268 369 216
203 370 212
345 370 243
367 370 188
5 371 260
45 371 660
54 371 219
88 371 362
193 371 225
216 371 278
218 371 730
238 371 233
240 371 192
258 371 190
324 371 284
349 371 627
29 372 267
85 372 294
175 372 224
180 372 198
181 372 786
259 372 224
278 372 348
352 372 164
45 373 312
60 373 115
82 373 248
285 373 120
364 373 182
371 373 250
67 374 131
129 374 169
156 374 145
184 374 800
198 374 162
226 374 269
243 374 689
75 375 336
103 375 106
134 375 804
157 375 908
219 375 522
221 375 102
345 375 154
348 375 738
354 375 211
8 376 236
86 376 897
127 376 170
139 376 130
223 376 312
310 376 181
365 376 191
369 376 312
6 377 193
54 377 188
113 377 233
205 377 261
238 377 279
247 377 229
296 377 364
313 377 205
2 378 111
11 378 252
116 378 448
126 378 207
132 378 286
147 378 237
199 378 359
230 378 180
304 378 350
318 378 166
328 378 244
120 379 960
133 379 798
140 379 131
161 379 325
181 379 669
231 379 132
259 379 309
366 379 142
104 380 122
115 380 185
141 380 189
151 380 205
171 380 107
201 380 151
202 380 202
227 380 109
244 380 604
256 380 168
341 380 818
370 380 257
58 381 157
73 381 230
90 381 161
173 381 248
182 381 123
189 381 172
207 381 747
263 381 139
22 382 321
115 382 156
154 382 259
235 382 256
242 382 139
256 382 204
262 382 914
368 382 199
27 383 251
45 383 289
163 383 309
229 383 836
236 383 345
240 383 162
269 383 204
319 383 295
4 384 277
5 384 859
7 384 142
23 384 346
71 384 163
91 384 266
234 384 267
236 384 187
237 384 173
269 384 306
287 384 220
309 384 116
323 384 300
331 384 159
349 384 287
60 385 315
104 385 308
110 385 182
130 385 113
192 385 137
195 385 253
218 385 141
224 385 123
261 385 167
311 385 175
341 385 130
357 385 106
371 385 279
27 386 928
31 386 125
54 386 188
195 386 720
240 386 204
246 386 173
258 386 279
325 386 274
333 386 109
371 386 217
385 386 354
58 387 246
63 387 211
100 387 254
105 387 530
160 387 137
166 387 318
267 387 370
303 387 259
344 387 191
351 387 109
6 388 221
18 388 203
83 388 172
110 388 235
209 388 214
261 388 344
281 388 272
305 388 387
377 388 266
45 389 389
47 389 188
96 389 168
98 389 164
126 389 209
130 389 166
185 389 128
218 389 594
253 389 181
383 389 226
30 390 323
81 390 269
128 390 132
232 390 141
320 390 442
347 390 154
35 391 215
62 391 277
91 391 193
165 391 261
197 391 180
225 391 350
234 391 311
270 391 317
289 391 254
294 391 186
67 392 109
72 392 172
96 392 233
172 392 509
223 392 178
272 392 305
319 392 113
365 392 222
383 392 126
64 393 275
75 393 124
93 393 343
94 393 774
180 393 124
214 393 185
224 393 305
255 393 277
278 393 205
311 393 165
66 394 275
86 394 309
163 394 284
196 394 831
229 394 212
268 394 267
297 394 199
330 394 168
376 394 332
5 395 171
6 395 746
18 395 160
66 395 205
136 395 281
183 395 241
238 395 492
305 395 275
329 395 100
330 395 263
43 396 174
106 396 251
154 396 546
215 396 103
221 396 177
242 396 355
260 396 267
264 396 792
302 396 297
375 396 207
393 396 137
1 397 168
9 397 278
10 397 266
211 397 166
266 397 208
358 397 112
141 398 201
145 398 268
205 398 211
296 398 287
310 398 317
369 398 170
23 399 143
35 399 222
91 399 172
103 399 279
159 399 199
203 399 301
239 399 233
292 399 105
314 399 186
379 399 276
14 400 253
17 400 277
104 400 131
108 400 170
142 400 196
150 400 651
251 400 866
286 400 182
357 400 215
370 400 151
380 400 104
8 401 635
79 401 118
131 401 181
136 401 177
139 401 134
209 401 260
219 401 286
305 401 306
354 401 252
395 401 172
14 402 135
89 402 894
239 402 381
260 402 235
321 402 242
366 402 213
370 402 300
375 402 128
399 402 247
48 403 224
63 403 340
100 403 300
149 403 200
159 403 347
250 403 126
295 403 144
326 403 363
402 403 267
64 404 187
75 404 117
93 404 200
94 404 257
134 404 947
138 404 128
140 404 143
180 404 106
208 404 208
214 404 206
220 404 276
259 404 247
282 404 323
8 405 356
22 405 149
94 405 281
134 405 135
144 405 259
157 405 148
219 405 196
242 405 215
284 405 101
321 405 129
375 405 138
396 405 262
29 406 196
128 406 192
232 406 252
320 406 190
347 406 291
362 406 301
37 407 606
92 407 306
151 407 986
153 407 245
167 407 185
169 407 110
186 407 358
72 408 984
82 408 106
240 408 900
373 408 209
383 408 153
24 409 722
44 409 181
100 409 214
105 409 172
123 409 246
159 409 203
295 409 224
314 409 256
73 410 246
90 410 326
166 410 108
171 410 762
182 410 180
189 410 175
244 410 294
263 410 368
356 410 263
0 411 307
72 411 255
79 411 191
82 411 270
117 411 242
124 411 322
248 411 360
285 411 117
86 412 155
127 412 251
131 412 172
139 412 234
268 412 169
299 412 181
369 412 266
394 412 261
398 412 788
10 413 238
118 413 298
122 413 177
140 413 282
213 413 298
220 413 258
275 413 125
292 413 186
397 413 172
5 414 297
124 414 816
228 414 301
269 414 144
273 414 236
285 414 613
373 414 118
408 414 242
411 414 245
30 415 238
152 415 140
288 415 279
298 415 208
308 415 153
347 415 300
372 415 147
406 415 127
5 416 259
6 416 194
54 416 162
62 416 328
88 416 149
96 416 217
110 416 169
164 416 163
218 416 103
228 416 260
234 416 379
258 416 344
293 416 220
386 416 265
15 417 371
76 417 239
83 417 164
144 417 282
157 417 286
176 417 232
209 417 791
219 417 243
284 417 600
294 417 161
342 417 288
17 418 245
101 418 936
108 418 275
211 418 364
213 418 228
214 418 229
220 418 401
397 418 210
413 418 131
7 419 206
79 419 192
139 419 134
172 419 213
269 419 152
272 419 552
299 419 179
307 419 219
319 419 198
365 419 346
392 419 348
411 419 298
7 420 193
23 420 162
108 420 145
115 420 310
171 420 251
207 420 173
237 420 265
262 420 740
263 420 100
283 420 248
299 420 450
323 420 201
346 420 175
380 420 158
7 421 251
68 421 189
71 421 154
129 421 258
184 421 669
198 421 172
206 421 170
374 421 328
11 422 170
12 422 997
69 422 136
116 422 276
173 422 170
188 422 286
309 422 141
349 422 259
363 422 247
5 423 131
40 423 202
88 423 310
183 423 153
237 423 320
241 423 152
273 423 249
283 423 130
36 424 189
98 424 252
127 424 520
130 424 110
185 424 273
207 424 874
253 424 281
299 424 224
307 424 179
311 424 256
365 424 362
43 425 247
89 425 130
108 425 144
203 425 155
239 425 851
260 425 142
314 425 275
370 425 114
399 425 219
420 425 190
17 426 119
33 426 244
125 426 317
142 426 165
180 426 783
220 426 229
265 426 147
359 426 541
19 427 840
76 427 145
94 427 961
109 427 174
111 427 318
140 427 926
144 427 214
214 427 377
231 427 246
271 427 299
397 427 481
73 428 151
90 428 172
137 428 395
189 428 118
244 428 333
301 428 817
334 428 318
363 428 230
422 428 763
84 429 202
85 429 240
113 429 249
225 429 139
277 429 288
286 429 689
370 429 195
391 429 181
9 430 188
77 430 219
265 430 172
275 430 567
316 430 121
350 430 713
393 430 160
418 430 224
426 430 764
71 431 213
164 431 179
169 431 248
198 431 262
234 431 351
374 431 350
407 431 130
12 432 155
56 432 228
67 432 206
69 432 284
188 432 190
301 432 342
344 432 257
356 432 192
65 433 215
85 433 323
138 433 277
175 433 173
181 433 321
259 433 305
308 433 255
366 433 221
370 433 283
372 433 301
85 434 299
128 434 545
178 434 166
232 434 119
308 434 274
362 434 439
390 434 260
406 434 334
415 434 148
36 435 217
50 435 180
95 435 161
187 435 938
253 435 913
364 435 287
59 436 283
61 436 187
74 436 314
154 436 173
235 436 147
252 436 621
256 436 280
264 436 200
341 436 169
47 437 685
57 437 221
70 437 164
127 437 304
130 437 144
194 437 304
261 437 319
398 437 269
14 438 268
108 438 223
142 438 189
150 438 191
204 438 125
207 438 316
251 438 217
260 438 108
311 438 243
357 438 207
360 438 206
430 438 239
9 439 163
17 439 160
78 439 281
150 439 179
211 439 175
350 439 174
413 439 262
418 439 275
426 439 296
430 439 822
27 440 184
60 440 242
146 440 173
228 440 200
285 440 189
364 440 190
373 440 154
386 440 209
408 440 337
435 440 171
1 441 273
3 441 217
25 441 206
34 441 230
40 441 188
52 441 232
62 441 253
88 441 207
162 441 277
193 441 986
266 441 680
294 441 163
134 442 107
149 442 267
171 442 301
259 442 345
321 442 240
370 442 310
399 442 656
402 442 145
425 442 300
24 443 154
91 443 392
123 443 158
159 443 413
174 443 371
250 443 155
287 443 241
289 443 244
295 443 331
409 443 147
21 444 184
33 444 714
64 444 302
93 444 116
109 444 189
164 444 271
180 444 247
218 444 181
224 444 320
324 444 204
335 444 248
352 444 288
50 445 251
60 445 228
146 445 129
218 445 172
228 445 277
373 445 167
389 445 208
408 445 152
435 445 283
60 446 208
82 446 681
110 446 212
228 446 193
285 446 277
364 446 193
408 446 315
435 446 217
445 446 336
46 447 227
56 447 213
182 447 142
381 447 193
387 447 268
410 447 187
432 447 143
32 448 177
87 448 193
96 448 207
110 448 269
130 448 587
253 448 327
272 448 197
319 448 136
383 448 886
389 448 119
446 448 248
1 449 239
10 449 214
33 449 367
34 449 144
39 449 145
53 449 201
109 449 225
118 449 324
317 449 242
359 449 305
397 449 231
37 450 199
92 450 303
126 450 991
153 450 242
167 450 494
226 450 157
322 450 152
431 450 217
444 450 648
3 451 222
4 451 306
31 451 366
52 451 207
62 451 194
162 451 936
193 451 195
197 451 175
258 451 268
266 451 176
358 451 200
2 452 541
48 452 125
49 452 245
58 452 232
63 452 182
90 452 262
137 452 311
147 452 272
166 452 895
267 452 722
290 452 133
378 452 164
90 453 291
115 453 207
189 453 194
244 453 895
263 453 237
267 453 170
356 453 211
381 453 141
447 453 182
15 454 253
22 454 648
28 454 465
157 454 129
237 454 226
262 454 233
331 454 159
337 454 254
348 454 287
382 454 235
106 455 135
145 455 238
170 455 115
215 455 147
281 455 141
296 455 253
313 455 338
377 455 100
388 455 238
32 456 237
49 456 168
54 456 300
87 456 926
137 456 276
202 456 346
227 456 173
234 456 290
286 456 371
325 456 121
349 456 361
380 456 183
407 456 237
428 456 230
429 456 304
2 457 181
125 457 145
216 457 303
246 457 270
265 457 144
290 457 160
316 457 153
328 457 190
336 457 312
340 457 245
385 457 258
84 458 150
149 458 172
177 458 305
179 458 846
201 458 190
370 458 117
403 458 233
86 459 231
163 459 552
237 459 604
269 459 140
273 459 285
299 459 194
307 459 866
319 459 206
365 459 207
392 459 365
423 459 233
149 460 159
159 460 362
177 460 325
250 460 199
295 460 854
326 460 172
346 460 322
409 460 228
425 460 159
458 460 478
61 461 230
74 461 211
113 461 137
235 461 134
252 461 244
256 461 200
280 461 444
312 461 244
456 461 240
121 462 253
232 462 391
245 462 210
327 462 214
338 462 110
339 462 207
362 462 113
390 462 150
406 462 254
4 463 972
19 463 749
37 463 291
71 463 142
169 463 169
271 463 162
374 463 358
421 463 103
431 463 128
78 464 320
101 464 296
112 464 353
160 464 352
210 464 335
211 464 324
303 464 156
306 464 186
361 464 232
423 464 212
129 465 241
151 465 226
208 465 284
214 465 147
243 465 331
255 465 187
271 465 325
274 465 104
420 465 210
421 465 319
47 466 744
127 466 649
185 466 279
194 466 305
205 466 276
247 466 127
369 466 191
398 466 210
437 466 310
13 467 345
41 467 214
232 467 221
245 467 477
320 467 280
327 467 362
338 467 271
362 467 339
390 467 955
39 468 199
101 468 330
105 468 310
112 468 207
122 468 205
160 468 368
249 468 267
361 468 181
397 468 578
464 468 346
54 469 310
64 469 245
104 469 119
110 469 216
148 469 172
192 469 157
202 469 299
218 469 248
251 469 210
253 469 120
282 469 754
311 469 232
386 469 189
435 469 178
455 469 117
6 470 201
8 470 177
18 470 323
136 470 197
183 470 239
209 470 165
223 470 383
284 470 519
305 470 168
401 470 187
55 471 946
91 471 262
111 471 118
120 471 251
121 471 261
165 471 271
231 471 293
254 471 228
339 471 223
353 471 946
379 471 199
48 472 178
84 472 259
107 472 257
132 472 227
147 472 207
149 472 274
326 472 350
343 472 126
458 472 299
142 473 160
179 473 261
203 473 287
227 473 150
260 473 104
270 473 110
302 473 228
367 473 219
370 473 297
372 473 262
429 473 247
442 473 763
78 474 248
80 474 220
104 474 351
115 474 343
150 474 324
190 474 205
192 474 354
195 474 219
257 474 801
283 474 252
311 474 357
423 474 190
5 475 266
10 475 188
34 475 265
40 475 216
52 475 180
62 475 334
91 475 211
193 475 227
266 475 130
292 475 282
384 475 352
451 475 336
7 476 338
14 476 170
23 476 102
49 476 292
63 476 117
171 476 274
182 476 156
206 476 210
207 476 270
237 476 346
241 476 351
307 476 107
348 476 229
380 476 186
402 476 219
6 477 354
21 477 290
83 477 262
97 477 303
113 477 954
164 477 345
280 477 170
284 477 236
329 477 266
355 477 159
391 477 302
417 477 361
67 478 170
72 478 207
79 478 116
88 478 164
156 478 233
162 478 294
210 478 247
240 478 133
257 478 316
258 478 108
392 478 223
416 478 223
423 478 257
470 478 164
65 479 238
202 479 779
215 479 184
225 479 161
251 479 219
260 479 165
270 479 182
370 479 204
429 479 272
442 479 208
472 479 183
98 480 217
115 480 125
141 480 119
172 480 223
185 480 322
190 480 173
299 480 905
365 480 223
369 480 234
424 480 301
459 480 161
474 480 713
17 481 239
38 481 549
53 481 303
77 481 170
186 481 216
212 481 320
286 481 374
317 481 141
350 481 215
359 481 596
426 481 189
79 482 264
101 482 191
112 482 164
122 482 115
160 482 164
210 482 277
213 482 167
249 482 237
306 482 229
351 482 270
361 482 175
0 483 238
82 483 204
117 483 159
124 483 143
163 483 287
273 483 272
285 483 351
408 483 988
414 483 226
59 484 182
74 484 201
154 484 101
191 484 310
227 484 159
256 484 212
302 484 130
382 484 219
436 484 248
461 484 262
47 485 178
145 485 249
196 485 232
205 485 101
229 485 181
276 485 844
297 485 728
388 485 177
437 485 148
448 485 210
93 486 137
94 486 180
138 486 212
140 486 121
180 486 295
181 486 989
214 486 190
242 486 167
274 486 977
393 486 246
439 486 312
474 486 137
7 487 243
22 487 227
67 487 122
115 487 189
171 487 206
184 487 148
204 487 198
207 487 139
237 487 125
321 487 174
323 487 203
365 487 240
387 487 277
447 487 212
476 487 281
29 488 133
31 488 281
99 488 207
107 488 821
197 488 163
277 488 261
325 488 346
355 488 195
367 488 267
391 488 443
429 488 140
473 488 250
479 488 111
5 489 301
88 489 232
163 489 233
240 489 276
257 489 229
258 489 174
266 489 198
283 489 141
323 489 348
330 489 316
423 489 187
427 489 482
468 489 117
483 489 291
0 490 129
8 490 151
79 490 109
94 490 238
160 490 175
204 490 273
241 490 105
282 490 191
311 490 299
365 490 901
423 490 242
474 490 570
478 490 328
487 490 210
489 490 443
46 491 357
182 491 107
188 491 309
237 491 222
263 491 263
303 491 753
309 491 233
432 491 507
447 491 169
453 491 188
14 492 192
108 492 303
142 492 269
171 492 175
204 492 171
220 492 171
251 492 182
282 492 286
292 492 268
360 492 184
400 492 236
442 492 412
120 493 263
181 493 201
214 493 173
222 493 310
231 493 311
254 493 215
259 493 299
278 493 150
379 493 188
425 493 292
433 493 343
75 494 174
76 494 273
94 494 225
111 494 232
156 494 325
157 494 241
211 494 213
214 494 230
243 494 323
254 494 222
423 494 949
427 494 168
486 494 329
70 495 174
145 495 266
158 495 262
170 495 269
268 495 215
310 495 198
376 495 231
398 495 297
412 495 228
466 495 176
87 496 225
153 496 116
198 496 174
226 496 306
322 496 718
335 496 314
407 496 148
431 496 113
450 496 199
463 496 368
48 497 268
49 497 196
203 497 298
217 497 148
221 497 328
260 497 195
270 497 353
360 497 178
367 497 212
402 497 144
429 497 268
442 497 307
479 497 240
2 498 359
48 498 162
107 498 710
132 498 631
174 498 230
179 498 244
326 498 141
343 498 248
367 498 227
458 498 187
6 499 467
18 499 243
194 499 293
238 499 343
247 499 271
261 499 185
305 499 146
355 499 144
377 499 181
386 499 241
455 499 284
