1000
200 822 11
833 339 1
859 75 47
334 486 39
88 385 51
372 870 34
655 853 1
770 235 4
104 179 25
505 62 24
637 489 16
385 389 52
454 36 40
894 7 4
844 30 3
958 395 23
515 1 27
301 792 16
105 690 30
348 484 33
276 583 47
622 667 17
672 698 18
560 636 46
975 910 7
673 304 47
41 752 21
802 739 54
403 985 16
730 901 6
940 920 19
492 657 52
147 232 32
497 933 33
160 15 39
16 800 10
259 419 20
997 27 59
983 986 19
980 192 29
878 240 24
76 196 43
830 194 11
378 286 43
549 416 27
783 779 1
938 720 17
760 780 39
673 44 48
137 967 40
640 933 35
356 637 7
543 0 37
803 936 43
472 88 11
437 537 30
921 71 39
931 284 30
76 583 30
309 855 15
16 972 44
730 126 51
318 416 20
760 659 45
411 144 19
311 525 20
728 895 37
270 323 46
699 814 26
147 421 4
584 868 44
18 442 24
453 736 26
500 419 35
81 169 12
605 124 50
890 993 26
2 293 47
678 693 23
838 859 11
159 859 46
737 107 15
250 869 27
620 121 47
349 461 22
734 340 22
949 758 55
399 811 15
153 893 3
664 841 16
329 502 46
270 103 27
746 37 41
245 497 6
814 948 22
977 459 4
409 35 19
746 862 41
604 809 36
690 463 29
324 334 35
130 927 38
525 998 4
789 827 26
271 968 10
637 823 49
41 721 38
104 865 46
895 572 9
918 342 16
308 936 55
876 259 18
239 998 51
966 219 18
917 30 17
846 344 49
453 216 40
164 399 38
678 189 22
132 366 56
619 107 48
399 796 47
660 780 5
775 751 38
734 390 31
826 691 43
111 205 36
936 282 52
42 797 3
71 202 14
130 17 26
426 484 3
939 164 20
683 820 41
582 364 16
353 839 46
167 399 42
275 775 48
341 575 2
831 609 55
916 197 54
299 580 39
562 741 34
618 654 23
902 412 52
959 267 30
206 944 51
523 767 52
187 777 37
868 731 46
237 550 3
936 157 49
327 509 55
245 36 42
125 921 31
705 979 49
191 985 42
451 406 57
529 545 20
246 450 19
927 719 31
169 107 42
384 91 4
783 626 15
886 557 32
550 637 10
945 751 7
178 327 19
174 86 56
666 436 27
957 508 53
601 230 10
859 61 15
60 488 39
75 47 41
39 923 2
271 81 58
47 683 30
591 831 22
424 203 56
720 947 39
914 791 25
861 931 39
572 46 11
721 888 17
490 809 11
905 719 46
393 115 24
860 607 56
954 479 3
217 142 23
756 563 39
114 655 52
225 825 46
419 635 2
840 579 57
464 309 28
145 432 19
553 652 9
201 566 44
710 470 29
156 689 15
195 130 30
628 35 42
716 977 53
343 676 17
792 502 11
95 562 59
827 745 29
512 20 9
187 679 9
816 948 28
24 952 60
675 503 57
271 259 59
276 391 25
458 651 60
171 406 57
438 86 10
550 696 45
375 603 57
925 831 37
844 815 2
94 277 11
333 323 17
743 317 33
542 148 60
676 432 59
791 195 55
437 567 37
721 728 48
74 92 14
357 389 42
359 353 18
825 643 28
259 598 51
564 649 10
206 330 41
97 423 59
104 656 10
898 843 19
421 892 21
283 685 4
633 289 60
456 267 49
764 438 1
232 807 37
180 128 32
759 469 1
277 451 55
236 855 4
626 365 51
779 253 17
803 728 18
620 470 54
179 727 8
717 355 13
680 656 1
421 206 55
801 959 43
503 480 21
704 296 38
562 373 37
128 225 27
499 88 15
431 925 48
48 907 42
670 727 7
92 384 4
892 680 17
259 746 27
10 442 50
780 353 23
275 698 54
582 702 38
977 406 37
670 875 56
56 458 43
360 914 10
237 20 16
231 316 35
456 148 6
235 132 19
329 211 23
299 278 8
835 750 33
594 161 31
513 446 23
552 547 13
62 788 20
130 912 47
990 116 34
846 501 58
271 639 14
37 616 39
673 717 24
852 586 55
599 762 26
858 807 29
182 600 60
670 878 22
503 20 44
165 554 58
894 684 29
419 409 29
8 170 22
783 649 36
34 858 50
598 625 42
312 842 22
334 451 9
254 240 16
211 908 6
0 634 2
32 424 15
484 216 48
884 247 13
364 821 34
929 274 32
200 704 19
308 206 10
749 617 2
875 41 34
366 101 5
918 837 27
421 143 30
520 808 52
157 34 35
891 727 60
410 142 53
386 473 25
679 40 23
47 999 47
567 774 37
284 456 9
859 746 27
686 922 36
728 600 33
815 947 12
376 701 16
830 658 31
446 436 40
115 507 49
588 841 29
395 766 50
693 241 28
743 436 41
906 316 5
815 728 37
949 165 25
32 990 54
5 189 22
256 668 2
612 54 3
506 373 22
995 23 49
251 130 21
889 794 6
691 385 4
963 357 21
361 846 22
641 976 21
312 983 48
325 25 5
968 408 26
927 392 49
665 797 3
455 707 35
197 720 26
983 552 18
847 828 50
277 86 5
703 272 15
703 206 32
430 670 42
443 784 7
322 306 28
850 631 52
964 634 33
680 651 29
241 459 58
786 536 11
86 168 4
366 864 38
126 127 49
820 665 31
922 174 30
802 894 41
582 842 59
586 293 56
697 660 58
708 417 57
223 535 13
628 304 2
436 108 6
48 672 52
545 279 30
953 386 16
734 143 4
505 237 26
595 882 18
222 244 35
179 301 32
639 992 17
104 63 8
448 806 36
579 280 32
515 349 24
678 555 57
607 468 48
72 511 31
216 69 23
303 474 16
320 665 60
86 468 25
725 992 15
224 415 3
720 814 49
732 918 51
1 43 19
819 355 15
663 494 51
287 668 8
808 605 54
147 284 45
700 0 22
371 325 41
678 75 59
620 645 39
782 235 25
817 965 46
607 399 44
334 934 38
641 938 41
551 869 55
958 514 52
580 84 30
282 344 14
577 428 3
581 417 37
309 174 44
447 989 53
625 661 14
19 426 45
521 432 55
250 577 54
241 512 1
161 44 1
784 763 12
788 81 42
128 389 11
916 637 16
132 268 25
596 698 18
662 277 23
681 941 38
478 887 26
581 253 19
882 616 34
317 433 51
890 698 21
895 60 23
353 853 47
299 665 45
318 180 36
333 44 34
366 297 42
944 149 53
226 946 50
891 133 1
77 959 13
522 213 24
645 863 22
241 654 40
554 858 49
780 676 5
967 379 34
673 243 8
357 844 36
182 175 11
588 740 33
991 263 10
20 269 53
854 967 58
313 27 14
290 915 30
58 575 11
882 428 35
135 710 41
673 256 58
532 956 45
6 503 19
39 459 19
530 440 7
291 335 35
528 559 19
131 151 17
749 883 56
709 22 36
624 756 39
607 757 36
216 234 55
937 634 60
240 322 1
626 614 54
930 740 42
443 156 13
519 262 18
918 361 53
949 779 42
379 600 29
985 867 39
403 656 47
92 229 37
287 615 60
419 339 58
496 168 16
266 559 57
772 838 13
219 286 39
3 77 6
544 716 37
116 850 32
437 571 13
871 976 52
534 973 15
720 876 42
501 73 53
77 64 49
774 637 31
723 3 5
695 575 27
656 626 21
368 576 54
92 245 38
537 73 53
292 12 8
939 674 59
865 499 48
425 314 28
629 879 58
483 360 4
974 730 1
451 34 55
748 878 1
197 924 22
794 723 21
308 482 25
645 820 52
671 127 25
45 8 27
384 808 59
83 370 32
46 7 5
567 261 31
501 652 9
467 364 42
488 410 3
906 738 4
589 171 38
894 962 48
373 723 39
234 365 24
413 466 5
170 811 9
673 600 56
893 228 43
771 29 1
893 281 33
771 30 38
748 294 10
974 527 14
165 882 35
382 992 45
87 987 38
514 467 48
161 891 11
763 314 47
39 5 3
502 990 35
558 890 39
30 259 45
173 477 26
495 678 45
905 123 1
386 132 30
426 737 39
515 647 54
987 224 41
622 625 10
449 443 19
864 755 31
837 501 53
396 304 32
396 337 20
491 533 25
953 492 26
491 488 7
545 311 49
705 857 30
344 886 22
265 623 13
712 49 52
24 847 14
965 313 41
108 370 52
550 874 59
405 450 42
856 672 19
764 431 9
780 322 28
61 996 45
688 57 45
447 62 42
308 142 5
75 659 38
314 901 11
978 401 21
404 148 51
687 814 34
368 640 21
471 485 1
921 981 42
476 430 24
211 714 37
557 80 31
18 630 5
118 958 56
639 500 40
477 834 56
412 997 2
13 492 51
354 186 17
201 788 13
652 605 48
583 873 35
986 679 29
736 660 59
850 585 12
815 372 26
505 821 27
73 223 29
337 579 51
929 566 60
534 952 60
471 429 55
305 22 56
805 341 50
492 743 46
431 570 34
179 425 18
765 180 36
690 538 12
502 330 30
877 938 19
338 128 36
279 468 18
400 942 3
240 698 3
305 645 48
455 406 22
111 730 49
187 651 43
921 589 48
906 124 55
231 423 55
930 632 39
579 299 41
722 477 26
36 27 8
259 98 35
186 404 22
270 794 53
830 847 47
120 498 36
629 493 28
483 917 4
979 976 55
159 836 60
737 619 58
294 256 5
78 658 6
51 825 22
587 531 21
235 457 33
226 278 15
668 126 20
447 453 28
710 477 39
23 568 10
210 707 29
732 897 25
57 553 36
51 923 8
698 768 7
826 725 33
816 350 57
516 441 15
621 286 17
814 345 20
110 150 5
512 28 4
969 264 43
104 419 13
316 284 29
844 584 45
525 291 16
668 58 47
580 928 27
991 346 27
229 461 11
72 735 12
965 226 55
229 794 18
142 60 44
169 783 42
87 570 8
870 7 24
359 989 56
475 30 32
932 323 60
724 401 10
126 186 48
297 929 27
193 211 10
223 59 44
872 471 8
537 361 46
177 369 30
624 604 16
128 559 44
287 424 33
121 497 43
189 650 45
777 549 50
371 552 2
527 71 30
548 774 17
979 865 26
256 212 35
131 385 31
539 970 46
612 254 32
816 634 23
633 863 26
457 950 29
73 879 9
815 816 44
722 56 40
671 220 30
646 111 44
902 676 60
127 240 34
44 604 28
946 943 34
38 381 23
716 281 30
916 417 59
500 68 60
7 479 40
709 870 48
162 806 34
337 267 40
937 620 31
66 183 45
907 518 3
134 788 24
393 336 32
201 176 45
891 22 26
257 900 2
866 325 11
735 929 14
304 248 12
678 112 27
956 767 25
437 777 20
148 10 19
409 142 39
516 119 32
591 549 16
184 139 15
472 965 19
123 166 45
263 210 55
309 742 23
679 495 38
831 243 45
911 539 46
179 726 49
735 803 33
347 672 18
343 756 12
508 467 9
644 503 39
406 541 5
994 919 45
381 137 22
18 66 41
15 298 48
157 943 21
594 380 18
161 603 32
337 233 1
266 203 55
499 826 44
522 10 58
447 526 26
452 353 33
403 195 24
992 344 47
267 621 50
33 83 27
551 795 8
517 810 36
772 353 24
671 669 56
80 174 38
31 980 58
362 885 30
5 65 49
496 699 24
87 867 5
856 638 59
660 921 50
987 783 31
399 140 30
266 81 33
226 821 10
941 933 31
570 330 9
422 6 18
962 777 19
586 590 30
924 876 30
560 397 27
794 748 29
628 73 11
17 583 3
507 234 60
280 925 35
759 963 13
267 67 32
162 577 43
346 574 27
998 964 25
309 199 28
103 917 22
206 410 28
78 146 35
270 973 20
991 586 33
230 306 45
112 958 33
297 18 37
871 643 52
360 619 32
301 560 12
991 56 22
501 281 46
309 886 21
299 819 13
595 981 31
82 384 28
600 990 8
213 657 60
498 640 31
580 850 37
272 291 50
434 115 18
959 19 41
574 106 25
555 685 13
61 540 34
773 868 34
713 399 4
118 494 38
733 186 9
389 638 34
478 687 45
589 251 19
208 763 9
887 542 4
447 361 42
34 75 37
489 4 16
14 606 45
184 375 54
188 5 22
429 616 58
638 45 1
739 336 3
828 919 55
602 24 1
284 461 48
267 555 22
899 977 15
542 979 45
80 825 43
105 581 37
553 433 40
504 972 34
37 122 45
952 517 23
304 69 7
447 31 55
974 811 52
676 51 44
509 639 19
88 561 8
895 161 3
151 498 12
554 789 53
314 18 3
677 861 13
959 924 29
943 650 54
516 700 46
431 754 11
258 750 30
937 534 35
323 404 9
285 453 23
857 271 39
423 780 40
96 834 50
200 443 22
223 796 36
851 942 22
843 511 19
162 871 48
657 652 32
732 623 7
252 811 58
97 434 40
524 523 19
420 321 23
909 181 9
650 208 49
453 695 40
900 598 38
202 228 31
771 709 10
721 739 25
406 91 15
455 229 40
300 957 56
657 575 52
391 962 56
790 845 52
879 939 8
710 574 16
73 667 32
427 883 48
980 154 49
676 283 8
780 293 32
484 373 35
262 867 52
538 707 41
329 655 55
740 467 16
277 541 38
746 882 33
828 562 14
693 182 5
982 299 4
22 821 37
660 44 15
575 962 37
990 759 43
201 875 42
541 370 37
375 524 27
55 895 30
489 478 7
367 335 1
740 884 24
311 260 15
279 960 16
31 487 17
322 368 6
921 93 39
669 875 14
8 182 18
451 858 33
120 172 31
472 228 30
238 933 21
808 298 2
675 825 48
886 917 40
294 282 8
644 874 8
792 277 44
449 307 1
748 332 35
592 483 11
358 926 13
344 226 37
266 432 17
324 196 7
93 721 42
47 292 12
464 802 15
473 974 58
630 291 25
317 436 9
659 586 13
782 54 36
982 474 45
215 148 8
967 727 60
4 320 52
602 251 32
823 567 15
517 420 22
963 21 32
176 539 51
631 508 36
547 18 1
960 574 3
346 110 53
967 724 16
379 757 30
261 263 57
936 847 26
730 515 8
278 340 4
49 935 41
282 627 44
848 854 40
576 313 52
848 780 52
272 814 55
727 397 2
203 351 26
782 817 50
338 849 21
620 789 47
607 961 8
71 533 14
664 333 32
199 313 41
629 135 31
538 379 27
824 713 10
48 474 2
861 808 34
216 720 9
532 925 1
975 607 52
924 808 33
626 111 54
393 598 36
217 781 55
658 642 32
444 169 28
97 688 10
56 724 36
702 553 7
288 651 29
845 753 36
253 334 26
335 284 7
235 724 24
593 988 40
718 180 22
292 316 5
838 290 21
768 974 29
708 875 59
452 169 30
240 844 4
247 177 41
927 16 20
953 104 27
544 395 52
741 386 50
530 688 44
723 425 28
553 702 54
839 214 32
250 325 26
743 351 23
151 471 31
378 728 44
381 522 46
656 259 31
554 932 22
989 438 46
429 380 22
149 544 11
663 583 23
378 819 37
168 394 48
324 166 11
857 83 51
984 769 38
932 98 47
412 597 8
781 293 40
705 339 16
883 673 6
418 329 11
70 187 49
746 338 18
18 15 14
496 348 33
157 204 9
994 556 14
37 524 52
946 67 32
10 813 56
376 831 28
327 775 1
518 436 41
760 526 58
133 963 38
321 638 53
66 747 45
750 796 45
244 620 14
486 423 58
61 231 15
49 639 33
827 17 14
434 151 9
322 893 20
6 4 39
209 797 28
763 923 8
391 501 48
537 231 21
895 276 11
602 619 53
366 880 28
936 135 53
616 875 47
154 683 4
25 426 9
956 502 37
701 651 9
938 424 11
327 719 53
100 921 17
901 97 19
904 133 2
297 105 54
50 293 6
626 632 56
589 965 9
154 19 29
383 891 53
988 114 22
377 197 52
591 786 1
536 742 14
307 160 18
437 724 46
273 579 2
201 610 46
217 904 2
583 983 59
938 972 51
210 661 11
480 671 46
423 585 44
267 424 6
313 846 14
655 822 2
151 990 5
743 769 17
380 479 15
609 118 3
391 562 15
432 621 33
96 290 27
222 524 58
648 249 50
209 328 52
843 505 2
631 358 3
235 745 36
454 590 56
980 42 26
349 436 2
562 942 50
896 140 7
74 846 10
148 34 23
695 905 35
762 454 31
283 886 13
905 111 11
801 971 51
503 836 19
646 192 25
286 716 22
956 510 25
296 521 50
568 207 33
772 464 58
981 162 33
522 197 10
311 356 26
511 818 28
798 802 44
137 337 39
260 447 45
158 475 49
399 451 42
877 32 5
543 56 16
906 196 25
76 854 51
117 833 46
612 181 59
349 129 2
490 403 57
956 903 32
662 68 52
116 766 15
19 722 8
216 178 52
649 716 20
707 417 44
371 103 55
455 243 37
395 568 52
293 920 7
605 123 51
833 381 39
528 166 8
762 226 36
960 711 58
571 881 25
568 38 22
974 273 13
854 70 34
856 325 11
654 901 33
120 196 5
603 857 45
721 152 32
630 398 50
636 492 34
109 482 58
307 957 40
370 262 42
133 131 37
780 698 22
363 350 51
31 809 36
571 543 10
665 798 10
774 453 31
784 685 9
617 2 9
424 999 29
768 404 30
625 983 6
928 952 41
256 726 4
76 363 6
41 723 24
453 740 57
281 584 40
858 920 60
565 481 48
128 600 50
814 131 42
253 282 21
978 106 55
777 308 13
659 630 4
418 214 54
202 578 43
479 52 49
296 277 9
221 39 23
364 203 1
163 429 27
859 937 13
940 300 46
428 329 19
570 785 6
413 569 13
744 6 10
123 576 21
896 499 10
818 459 13
27 834 34
876 203 52
142 31 54
785 462 21
416 406 18
216 173 28
892 813 11
905 682 19
213 341 50
64 505 27
33 481 28
736 783 22
251 155 15
570 535 57
342 329 33
566 213 47
751 585 39
792 210 13
534 931 43
408 676 45
272 861 7
288 747 58
205 671 24
722 540 22
814 972 9
423 781 27
279 299 56
980 441 5
362 226 43
733 313 43
155 533 51
760 138 29
873 773 37
469 893 5
172 416 42
626 345 16
410 276 10
580 652 49
820 907 20
357 318 6
613 881 46
817 739 3
284 168 13
396 96 32
797 841 34
826 808 10
961 420 28
971 119 46
290 433 53
813 831 54
327 145 52
385 807 30
311 303 37
324 9 60
329 296 24
101 109 2
775 92 26
71 613 44
506 860 22
2 168 26
327 156 38
671 579 50
910 460 48
184 638 20
96 5 30
183 506 16
762 895 6
774 895 29
172 937 54
980 427 15
533 298 54
141 787 22
468 422 41
796 611 22
844 721 30
30 572 47
76 531 41
170 342 6
771 125 48
376 661 20
599 497 27
939 85 1
857 680 17
123 831 43
948 228 43
258 920 38
192 748 28
826 295 23
369 670 12
849 690 24
217 267 30
875 89 40
379 373 49
800 610 52
880 111 57
316 357 3
204 958 38
384 961 46
804 167 57
791 937 41
227 600 56
354 848 37
569 214 59
498 123 36
80 543 13
693 964 37
278 527 9
85 45 23
87 304 25
564 341 4
939 49 46
988 469 42
662 420 21
329 523 45
447 570 36
513 835 45
984 959 8
224 950 13
808 309 15
30 199 56
345 501 26
186 346 52
65 689 3
636 998 60
106 265 54
652 553 22
634 449 1
539 731 10
755 309 49
701 923 59
739 681 3
217 798 51
215 445 59
225 387 32
940 161 37
868 978 5
681 989 42
321 992 49
392 790 39
196 743 46
230 676 20
933 66 20
824 366 38
153 973 34
476 732 17
919 936 59
915 322 16
700 454 51
591 452 49
395 579 38
417 701 42
278 614 27
136 835 39
927 449 35
211 798 1
774 255 53
545 485 9
442 976 1
319 858 20
838 480 30
915 296 1
29 442 38
29 449 1
964 159 35
548 156 50
253 326 53
99 673 45
814 831 33
13 150 44
627 661 42
204 646 22
806 812 26
288 634 58
850 662 28
112 939 25
56 124 6
782 906 27
302 777 7
705 674 30
580 507 44
671 456 35
1 159 16
120 847 26
94 628 38
857 561 18
356 174 6
874 211 59
508 828 51
28 151 26
161 604 47
818 544 50
485 306 13
308 426 51
920 224 52
419 65 22
357 617 5
443 689 32
55 897 3
891 535 59
256 529 22
184 721 37
845 725 2
979 582 39
764 864 58
964 238 36
838 305 2
701 693 40
68 367 41
358 642 41
676 700 54
908 953 10
151 505 1
43 204 42
224 905 40
487 399 26
510 322 47
502 559 44
781 41 14
712 251 42
381 330 4
691 636 21
133 987 37
231 132 20
799 822 60
833 514 27
372 335 58
820 38 13
140 972 53
316 203 42
115 889 50
411 733 35
596 81 41
747 582 21
870 974 55
248 914 43
73 373 18
392 418 21
751 974 2
534 652 30
383 101 53
530 61 25
457 582 11
146 205 60
687 641 31
269 68 7
205 807 27
598 182 55
364 277 53
348 178 57
127 733 55
901 239 2
616 15 7
125 101 7
199 831 40
672 885 33
382 195 13
73 252 2
207 45 58
101 533 1
913 707 11
138 29 5
62 822 8
931 986 17
320 38 42
390 194 3
442 912 38
958 589 6
775 78 1
132 897 28
158 57 16
200 331 25
560 143 33
782 749 28
103 873 59
986 451 29
688 198 43
847 85 36
496 195 54
568 286 43
32 380 9
527 961 9
764 328 24
299 181 47
421 364 19
559 306 20
626 970 51
178 145 2
814 120 50
575 951 38
212 331 15
851 508 33
848 134 27
478 962 1
246 621 15
594 97 47
780 332 24
507 721 6
400 271 4
311 162 55
886 174 7
51 94 34
100 6 37
434 478 50
876 936 26
99 369 47
486 791 21
284 276 48
997 572 39
760 42 31
735 300 3
563 748 26
604 783 36
129 753 47
807 183 32
368 823 36
562 997 8
2 634 17
508 10 18
20 171 29
964 457 4
28 782 33
97 494 2
849 712 54
783 298 50
231 631 58
482 88 23
995 86 53
331 750 9
891 283 29
149 434 20
924 613 45
859 125 44
333 255 18
612 28 15
694 360 12
212 487 37
413 918 27
106 595 50
461 931 17
257 122 43
961 148 60
56 741 59
115 810 26
309 542 42
826 265 2
91 54 60
12 274 42
734 657 60
14 482 50
707 38 27
984 426 52
167 885 13
252 44 15
891 434 44
797 10 23
369 817 27
176 4 25
125 910 56
901 209 12
724 525 58
937 375 57
783 930 14
628 653 42
330 681 14
47 156 54
559 117 54
768 794 59
356 964 3
545 819 43
591 403 8
951 450 25
783 866 53
612 303 39
260 928 58
640 552 7
11 469 33
711 876 17
20 425 37
809 913 32
271 854 51
549 492 19
835 8 13
86 123 18
750 733 3
347 660 58
44 559 21
660 991 42
48 564 52
375 62 28
973 847 59
78 205 2
835 556 10
340 338 22
375 430 19
888 49 12
992 496 57
308 444 23
906 259 36
835 405 22
450 70 12
815 543 46
57 91 24
933 74 27
573 739 43
803 197 40
800 146 24
420 383 47
586 312 12
807 9 21
654 341 6
927 875 36
699 736 6
88 688 33
139 43 44
846 47 9
486 839 50
66 533 31
520 488 47
964 237 20
395 789 41
149 727 42
538 907 13
617 911 25
356 661 7
970 500 7
683 301 27
466 850 21
852 871 55
441 65 35
106 499 44
681 373 8
125 497 41
701 453 43
225 191 22
829 27 51
805 454 46
60 271 4
963 529 7
469 781 42
959 598 13
112 438 4
150 414 30
936 640 49
147 982 6
949 582 1
720 207 5
556 874 32
519 431 37
385 266 43
626 710 12
391 676 8
278 345 47
398 571 53
574 972 1
740 445 34
538 822 55
74 609 9
49 371 20
164 145 3
662 231 32
953 516 49
574 279 14
610 383 4
62 405 1
482 425 18
661 950 18
599 562 36
396 38 4
882 643 37
408 910 60
878 69 6
14 850 33
181 924 45
940 556 31
471 965 3
317 807 13
370 466 14
293 443 4
718 334 55
770 198 34
448 970 51
928 269 8
849 588 39
88 84 30
901 800 55
734 329 40
676 929 29
271 398 29
903 410 33
755 781 20
502 108 56
259 388 33
86 663 6
904 852 38
160 111 6
630 924 35
78 451 51
909 150 57
656 987 46
196 358 5
896 953 44
174 459 51
425 132 56
477 669 13
617 652 12
948 210 5
212 423 2
423 605 5
324 509 32
659 163 20
685 466 23
603 386 22
306 789 1
553 187 32
78 449 25
472 42 47
142 643 57
979 577 52
923 186 50
9 883 4
326 604 33
264 943 4
233 35 45
414 961 7
38 956 2
757 142 28
248 101 26
374 75 47
899 856 33
907 851 36
14 784 41
237 583 36
596 963 39
944 865 58
201 773 10
432 848 51
385 410 21
139 145 33
365 449 55
914 733 41
38 640 59
605 175 50
649 367 56
640 614 1
706 530 50
787 395 56
751 17 33
428 275 23
709 791 50
173 358 54
925 360 20
457 336 16
807 635 4
504 326 47
730 353 26
826 480 36
106 102 56
694 478 17
865 637 16
413 817 57
394 682 27
581 196 38
233 957 13
788 491 19
847 729 53
418 380 50
70 718 34
672 853 9
534 294 37
169 103 54
25 335 2
577 959 59
461 450 17
93 578 19
655 615 43
396 674 58
153 555 2
119 505 44
800 749 48
165 709 42
220 71 52
577 460 49
198 599 14
231 129 6
300 975 49
129 458 2
0 59 44
277 750 31
150 104 52
417 976 59
565 334 23
753 874 20
170 983 39
873 226 46
339 396 44
47 52 26
105 896 40
383 237 33
522 907 17
242 857 28
454 921 31
306 219 31
311 145 2
888 826 27
366 580 18
309 514 30
874 278 17
852 6 49
501 612 43
29 559 49
706 861 4
111 367 43
408 187 21
137 395 56
171 726 49
361 967 41
692 907 4
90 634 52
788 216 6
921 383 24
787 981 56
110 672 46
105 133 3
300 317 48
276 29 42
676 701 28
646 948 14
312 437 7
37 3 53
656 750 53
966 370 47
312 229 15
801 384 8
460 845 54
384 130 6
805 637 15
357 453 58
480 219 58
55 914 35
430 370 18
694 528 13
738 312 36
284 116 32
18 828 11
590 554 28
40 578 34
261 474 24
798 138 3
375 369 6
815 742 51
648 220 57
873 269 32
387 551 24
221 610 51
743 347 42
910 122 19
916 706 22
728 749 5
71 432 23
409 837 34
86 631 15
470 234 28
598 894 37
101 406 4
940 113 45
719 86 39
268 301 50
319 732 43
60 495 14
300 493 11
651 863 57
330 552 25
280 246 24
241 431 42
660 56 22
66 331 15
43 47 42
329 497 37
811 997 5
712 62 57
114 168 23
251 534 11
586 277 22
278 872 21
307 396 16
397 829 9
558 925 32
660 840 26
509 14 10
987 439 9
116 75 43
737 641 59
782 952 38
980 76 11
574 551 41
930 474 14
875 876 59
459 919 20
39 548 52
475 361 19
579 417 50
793 795 20
996 133 32
553 329 33
318 658 53
175 394 16
796 833 47
282 360 45
905 535 34
905 605 28
931 611 11
945 6 31
471 526 10
24 702 23
41 768 54
207 921 52
601 504 20
716 700 22
877 762 19
588 460 48
113 836 18
792 162 15
859 62 44
913 982 32
152 242 9
558 161 58
656 218 34
654 574 44
816 94 26
14 204 9
192 512 55
173 699 33
677 835 3
77 122 11
800 58 27
887 407 12
114 260 3
501 710 50
394 317 56
854 491 33
966 282 32
861 91 57
866 11 45
171 656 56
889 281 36
212 239 6
31 134 22
729 333 29
375 304 11
953 90 42
981 64 36
946 609 21
313 130 37
509 105 57
391 472 31
357 294 12
309 827 15
299 510 26
111 251 54
490 597 45
684 683 27
501 280 57
980 803 42
565 423 51
556 413 39
993 297 29
650 195 13
900 880 40
204 48 12
148 697 21
894 291 20
644 983 42
741 909 34
290 307 22
354 643 28
44 519 53
27 543 21
39 125 53
760 421 28
509 128 53
332 644 20
64 229 18
321 751 5
137 811 25
853 657 7
520 738 51
39 637 37
205 46 1
86 710 27
504 662 27
337 215 6
611 979 38
127 548 53
541 215 54
88 378 20
42 581 1
845 98 4
942 968 1
597 307 39
942 701 1
710 499 32
33 289 8
947 624 42
989 224 22
66 17 59
272 54 11
227 602 29
718 563 32
876 966 16
967 974 60
881 653 39
370 392 24
634 42 38
526 372 3
187 480 2
896 872 7
684 647 4
871 762 13
559 855 16
715 512 3
539 636 60
417 172 14
225 753 52
596 776 45
225 943 9
546 844 55
277 449 31
966 345 3
408 873 36
956 816 53
552 332 38
195 487 46
171 530 23
805 68 11
406 976 24
817 776 10
567 255 24
445 207 22
985 703 50
926 959 41
358 524 25
36 227 44
281 345 30
968 582 28
604 808 27
925 950 51
64 815 58
541 446 29
94 977 13
522 414 58
940 36 58
750 783 39
641 854 28
168 832 32
309 255 8
276 81 45
868 590 12
942 993 50
949 772 1
7 299 24
276 0 1
404 687 34
730 906 23
808 875 42
111 26 11
603 484 33
361 911 34
162 838 9
761 454 20
603 871 3
452 340 58
376 114 37
433 866 11
27 521 59
46 879 11
207 899 31
727 291 10
578 676 12
644 248 3
993 828 21
940 159 1
484 639 41
460 506 23
467 261 13
157 962 48
92 441 13
774 828 54
495 828 58
960 351 44
498 621 44
85 167 54
506 374 60
40 729 44
316 161 34
136 992 51
437 294 15
700 360 28
527 86 43
356 680 31
50 873 27
315 729 30
404 503 49
447 371 38
281 516 1
378 315 10
193 174 60
256 857 13
764 471 20
442 56 41
371 843 50
209 973 17
681 658 55
479 922 32
74 641 29
181 254 24
843 760 13
850 547 2
190 561 23
618 289 10
639 629 44
352 397 21
104 815 26
933 295 57
953 621 33
19 950 48
750 258 35
733 979 52
906 161 22
477 526 36
853 337 29
92 714 42
502 345 27
329 391 59
976 273 55
873 352 38
963 615 40
541 115 44
706 848 11
286 844 54
380 773 1
818 478 60
820 106 1
629 958 41
344 695 33
619 977 58
870 298 35
650 624 20
773 614 23
344 996 4
428 540 54
668 938 19
251 729 46
910 496 20
718 26 42
691 27 25
154 823 43
819 988 54
508 161 27
976 409 19
72 502 38
313 766 17
393 310 42
757 410 17
154 970 9
656 329 20
437 26 57
647 217 18
550 295 19
702 675 7
190 313 4
934 360 32
605 914 5
61 268 47
94 879 6
101 636 26
6 748 57
306 594 36
185 316 25
140 39 3
342 465 15
624 186 34
388 219 17
480 372 56
369 316 11
83 491 53
588 431 46
492 259 29
653 928 34
689 853 17
61 766 16
966 664 22
70 462 22
609 898 36
819 286 10
459 502 20
608 197 26
37 712 21
854 955 9
959 728 56
967 662 46
680 617 5
469 201 56
910 797 41
486 376 25
162 530 1
927 99 22
179 752 38
929 514 7
127 311 28
468 791 45
188 191 52
676 605 51
214 828 48
514 620 58
941 149 31
908 131 5
591 788 15
50 888 30
709 893 21
192 966 13
89 75 17
725 71 19
431 863 42
530 338 34
858 885 48
425 549 24
158 409 41
804 924 2
181 121 27
399 183 6
132 284 31
515 562 25
341 601 16
70 281 17
373 560 41
728 973 44
761 662 20
910 49 12
243 987 10
252 788 39
298 121 33
581 114 48
316 625 45
133 654 1
927 582 18
908 179 15
346 47 39
773 307 48
58 16 40
23 411 39
714 450 9
679 872 37
508 888 36
59 669 19
913 275 41
603 131 30
590 126 55
642 194 30
172 627 9
119 84 48
991 540 34
993 681 3
914 919 39
458 633 45
439 578 14
727 261 19
711 353 33
180 634 25
973 831 10
567 131 13
634 631 50
514 990 37
736 831 47
257 640 52
824 554 6
214 446 56
275 807 20
18 133 48
787 673 57
369 433 1
465 367 41
542 822 55
750 134 2
335 992 44
636 579 53
367 361 31
25 648 31
718 669 24
945 959 3
600 720 16
793 169 45
490 133 54
390 256 30
281 766 38
671 840 32
717 589 56
209 22 3
817 482 10
251 772 53
792 389 12
892 346 44
663 289 48
770 969 25
719 243 22
763 97 17
795 755 6
672 609 56
455 929 38
793 129 3
565 380 7
427 681 15
746 290 29
489 276 8
346 518 56
264 142 54
439 489 50
52 314 48
383 851 44
602 626 3
947 436 42
773 430 10
683 615 34
61 732 29
678 273 3
911 35 9
160 399 13
583 42 59
838 371 46
892 252 5
255 360 39
952 316 4
727 395 21
768 871 21
534 589 57
668 590 16
81 303 40
510 603 59
396 207 58
337 141 1
281 337 38
368 535 49
98 772 15
191 273 36
17 439 21
320 372 50
65 259 15
314 550 10
144 806 54
552 248 43
829 191 11
709 803 52
839 49 53
851 896 37
834 886 35
65 854 6
531 91 9
231 747 1
433 256 19
214 92 45
219 996 46
691 367 53
11 395 27
654 553 44
801 676 51
551 149 10
108 565 13
469 653 56
462 908 41
942 937 25
114 820 32
119 756 38
531 212 22
78 277 46
794 421 7
809 235 10
746 249 13
380 886 54
605 867 14
514 583 13
404 726 55
164 687 55
852 748 33
320 224 49
249 163 50
511 204 13
706 28 50
82 286 18
830 341 49
837 15 21
196 471 23
763 39 48
849 274 33
18 699 30
234 544 57
629 905 46
72 221 17
480 361 40
27 402 48
929 685 52
506 177 31
933 180 39
966 63 18
555 264 1
32 443 2
26 403 1
503 946 2
822 0 40
99 614 4
214 93 56
343 837 60
354 4 53
323 521 40
540 82 17
897 816 46
590 615 19
25 409 41
314 492 10
861 410 6
862 280 40
21 177 7
604 141 1
427 533 42
530 142 56
154 516 10
409 815 51
734 145 40
567 788 52
260 90 6
803 336 16
704 890 37
297 106 27
376 603 19
159 210 55
338 133 36
556 88 58
381 818 34
301 744 18
66 172 10
29 667 15
824 504 52
848 588 49
315 566 14
428 733 6
556 913 5
208 740 32
484 727 50
802 107 33
269 591 20
601 87 30
469 948 3
34 307 21
254 287 15
361 773 14
706 38 58
545 598 19
423 493 58
741 104 13
556 375 34
554 957 23
723 960 42
249 799 29
876 549 41
989 86 35
47 788 47
847 529 49
900 586 3
4 531 9
833 644 11
819 250 37
69 300 47
685 123 36
456 875 26
318 906 18
105 757 29
816 649 57
130 289 21
353 324 50
764 236 25
858 357 16
213 736 1
348 461 40
87 678 52
194 479 45
899 198 6
25 709 34
446 949 1
443 541 39
962 647 46
900 801 32
102 442 29
397 335 40
772 640 8
605 716 13
196 354 47
96 221 7
569 901 33
811 716 25
72 673 59
138 186 44
161 475 6
878 836 35
566 7 10
370 542 44
811 59 58
348 808 58
472 617 31
803 310 58
525 271 18
786 653 51
663 685 58
721 752 45
138 346 16
490 966 23
549 297 46
504 462 31
470 434 40
912 637 16
148 686 37
776 690 32
773 95 25
618 346 27
280 130 44
740 918 50
587 300 12
999 651 13
983 764 55
873 265 43
545 720 30
955 729 37
156 757 31
269 612 30
756 376 5
578 832 15
4 560 31
78 698 24
60 545 37
159 526 45
185 386 32
175 671 43
158 101 59
553 956 11
552 820 44
937 437 21
87 761 20
7 37 42
285 73 56
35 889 32
178 621 39
578 858 58
420 538 7
300 986 30
318 981 45
215 377 4
612 599 44
42 463 51
433 410 58
164 960 31
443 85 15
619 868 38
519 780 52
374 664 19
647 787 36
545 321 26
889 242 24
199 271 49
757 414 35
176 191 44
198 846 33
207 219 50
281 335 50
632 368 25
319 511 37
631 128 26
541 820 6
329 67 21
987 552 9
947 571 13
0 351 58
575 395 27
417 934 22
947 555 5
121 458 46
50 84 36
632 830 15
700 502 2
715 295 13
243 406 20
485 498 39
345 411 55
779 339 10
107 903 12
77 535 34
513 898 54
312 652 16
907 790 41
150 357 18
457 322 35
684 670 17
165 48 54
294 270 40
18 614 20
314 191 15
645 888 23
196 422 3
570 326 11
692 419 13
238 353 18
583 29 34
245 154 44
730 240 17
548 942 38
243 46 19
985 313 45
199 519 28
579 741 17
776 669 11
894 53 4
930 343 53
183 433 21
657 504 58
909 56 55
688 304 11
370 288 17
744 476 2
885 390 14
69 85 49
706 7 49
332 34 13
982 625 51
836 648 12
342 60 41
849 635 22
947 455 46
5 710 5
191 912 12
618 646 56
357 629 36
734 259 45
760 862 21
662 860 32
63 582 59
119 614 8
902 539 17
889 725 35
259 799 31
695 144 1
695 446 52
565 840 41
817 187 58
789 576 6
141 272 35
104 606 23
411 668 54
267 121 41
418 542 52
284 711 13
879 948 54
470 719 35
982 958 4
639 782 58
271 893 48
820 295 58
857 954 20
143 782 60
960 482 33
148 634 51
368 252 35
295 950 14
223 557 4
460 580 31
49 916 45
498 661 10
145 490 11
476 738 57
952 509 28
950 161 30
632 332 15
250 359 59
162 9 12
449 76 14
843 997 51
947 481 29
81 265 14
270 929 32
640 906 46
176 596 29
986 633 45
282 484 36
634 222 15
906 257 26
457 888 22
902 551 16
642 183 22
555 952 37
126 195 59
526 643 16
528 658 44
319 651 48
911 947 56
438 863 36
933 249 2
641 236 31
348 685 50
84 354 5
167 273 7
974 552 1
70 697 52
729 318 60
804 931 8
889 743 16
899 206 3
350 977 57
67 279 31
994 270 51
173 387 20
871 865 17
707 928 37
908 858 37
855 39 3
908 664 10
615 619 16
981 243 30
902 990 57
993 377 29
121 130 55
203 205 53
252 144 5
832 785 22
162 769 31
732 771 40
257 585 47
837 199 52
907 848 3
889 234 4
733 872 52
339 505 20
737 955 14
201 208 15
647 434 30
551 631 14
285 863 15
555 648 11
434 430 44
641 658 53
258 520 7
442 185 30
744 137 55
444 635 43
205 305 9
192 57 31
904 960 8
342 355 11
391 760 22
981 283 35
239 76 15
874 299 43
914 248 23
319 791 50
768 945 57
3 161 52
538 622 3
445 201 19
259 83 38
642 850 19
731 155 52
833 547 46
765 996 5
122 983 8
637 281 3
924 28 42
376 507 37
655 175 24
170 4 39
703 685 14
672 390 12
452 614 57
609 697 50
109 656 31
844 216 56
643 97 6
978 165 50
96 964 42
662 924 34
351 919 40
32 432 1
52 861 19
624 361 51
158 237 39
144 383 5
373 396 34
41 797 42
145 372 20
497 197 60
291 246 46
547 765 1
595 367 12
237 533 47
957 158 46
131 339 29
866 746 11
530 411 18
63 806 26
73 84 59
129 427 26
383 408 48
117 546 41
917 510 51
450 553 31
934 637 47
92 702 41
702 162 15
433 575 10
397 756 2
75 951 7
368 757 53
890 950 56
219 721 5
835 91 33
927 345 59
512 976 2
668 207 22
543 368 56
397 286 14
491 550 27
437 660 50
651 487 16
758 466 42
791 49 54
274 118 59
255 229 40
377 4 4
847 615 34
737 488 17
528 285 20
998 399 18
763 648 34
375 412 19
6 821 60
282 560 28
645 326 56
976 283 48
327 132 18
361 583 13
948 413 29
298 928 1
786 305 21
632 314 34
972 798 40
44 297 21
988 318 19
543 933 53
147 575 7
341 340 36
723 541 12
861 602 35
239 110 8
637 214 1
144 741 49
315 838 30
958 112 51
373 784 20
434 804 56
539 102 55
990 178 58
221 762 46
259 235 30
610 616 56
859 819 56
554 241 28
328 184 16
650 768 41
977 283 32
653 77 15
423 259 17
676 282 8
656 736 45
555 10 14
219 611 38
384 184 12
252 209 55
38 923 1
420 143 53
115 218 19
57 995 19
678 768 35
103 946 42
975 230 52
573 905 49
748 6 31
827 601 10
773 913 59
466 598 48
338 466 25
322 601 57
3 509 51
611 107 2
989 799 25
471 591 21
739 20 4
535 624 44
985 512 30
840 388 20
267 513 37
868 660 26
360 674 47
393 684 18
430 981 29
517 379 1
615 676 59
804 811 27
950 48 24
982 882 1
338 130 31
495 237 55
109 667 44
165 450 12
532 224 32
883 732 14
3 87 3
10 733 35
867 356 57
146 346 50
337 660 17
806 705 5
844 597 60
749 604 53
740 114 15
18 804 29
621 885 52
700 513 46
824 689 21
556 335 23
98 11 60
242 66 39
327 206 37
419 525 42
308 277 20
315 999 20
612 800 41
732 389 25
709 17 49
183 974 51
437 492 13
934 25 9
95 764 35
647 172 24
888 216 4
7 929 6
661 34 41
34 286 49
295 414 41
410 607 51
257 559 32
409 147 16
660 87 42
232 844 8
737 838 14
86 795 26
4 902 32
647 322 43
166 815 40
205 397 32
944 635 21
259 390 4
5 207 48
723 61 20
243 609 3
614 791 2
209 933 49
38 879 6
365 743 41
214 411 36
243 706 3
620 830 26
164 262 37
895 317 41
839 514 10
607 537 6
10 664 19
250 347 21
860 702 46
597 436 14
721 834 18
969 885 30
506 283 56
927 666 18
893 249 10
917 884 53
25 232 39
971 211 52
864 166 26
971 49 29
293 168 57
105 905 31
330 366 18
472 999 14
767 622 32
451 579 55
364 483 23
158 132 5
976 435 39
713 85 2
21 257 10
874 143 4
298 957 35
275 603 26
383 823 33
655 653 45
221 964 21
239 5 29
700 635 55
460 861 29
316 545 37
662 836 39
10 285 42
919 930 41
129 65 12
387 289 29
59 31 52
493 137 35
437 173 10
929 429 51
628 262 34
699 340 50
803 382 22
795 91 26
922 845 52
243 371 51
139 391 38
310 170 42
533 985 16
471 528 31
680 465 16
760 593 50
275 893 34
300 376 8
244 297 21
238 317 17
435 725 33
560 261 16
282 930 28
360 693 47
831 590 32
524 706 48
740 418 7
931 210 36
939 697 47
968 780 56
407 183 51
876 52 24
802 348 23
922 181 39
656 47 42
775 819 12
854 34 59
488 132 21
703 844 26
680 500 46
182 253 55
859 631 12
398 731 37
687 684 6
202 190 53
361 477 38
169 718 35
409 858 44
9 611 38
467 331 25
447 199 27
628 796 8
378 75 38
768 96 10
806 608 54
436 552 24
65 701 19
281 916 57
222 183 30
779 279 24
187 905 8
293 448 20
403 277 42
761 692 44
474 224 7
789 365 12
89 606 13
575 950 44
732 84 30
54 628 10
592 632 34
712 628 32
613 874 2
770 376 58
989 278 51
588 826 44
96 59 54
767 174 26
393 509 22
916 292 27
815 454 41
934 122 9
782 614 35
472 363 41
234 664 8
598 560 39
274 314 13
524 922 45
673 591 45
297 611 3
0 592 35
609 767 53
928 903 21
667 563 10
132 754 18
105 951 49
439 622 43
383 870 6
902 146 10
370 86 33
239 140 41
286 767 4
420 80 9
165 695 11
494 264 23
6 588 54
4 896 12
972 686 22
604 861 37
759 262 2
219 911 15
461 220 31
525 496 54
688 436 14
180 560 30
508 918 60
21 896 28
923 508 41
616 709 53
150 451 5
123 247 16
916 117 56
318 867 39
969 224 45
699 346 30
643 480 22
157 611 58
343 396 24
186 251 40
20 437 32
685 518 2
352 325 36
465 35 57
151 136 3
631 777 21
649 799 48
981 35 30
522 526 22
300 332 20
804 481 40
96 909 5
877 604 22
860 546 43
940 387 55
244 281 17
504 32 3
610 916 20
454 885 34
519 324 38
872 598 57
974 511 26
311 201 3
984 320 43
629 536 16
692 989 39
217 223 36
500 441 3
812 878 47
725 648 54
471 482 33
505 453 38
233 807 11
988 149 34
593 360 3
562 17 54
778 433 7
5 667 20
592 225 48
314 8 56
698 880 24
440 419 8
728 577 42
271 32 13
974 835 34
819 838 44
221 107 36
666 946 18
494 926 36
48 528 8
845 822 2
420 223 58
690 196 28
514 585 29
752 353 18
967 543 6
439 712 54
692 867 15
166 985 34
868 641 6
491 947 10
116 131 43
198 968 57
136 948 18
267 313 13
429 894 51
212 354 33
292 224 28
126 510 41
827 964 37
136 783 38
13 27 24
440 311 49
913 735 15
613 8 27
267 289 59
205 731 8
439 243 16
924 467 38
817 332 31
48 833 17
287 592 22
733 757 35
0 392 34
684 563 36
204 34 48
723 942 53
564 138 47
7 334 20
526 248 22
412 689 60
239 101 35
96 54 33
942 958 44
926 169 3
709 0 52
594 880 6
5 518 3
283 248 59
566 415 20
65 379 27
253 393 28
109 765 43
305 969 27
109 287 23
930 384 5
64 330 6
62 864 5
560 773 24
95 205 24
722 855 31
309 785 55
184 92 8
120 822 42
584 820 29
228 24 12
456 162 25
131 42 32
212 84 55
529 559 52
544 578 25
951 125 47
866 900 6
686 249 22
537 113 53
85 764 10
813 128 29
231 426 34
791 95 25
157 783 47
216 795 1
186 740 36
789 899 8
743 652 12
791 943 59
720 180 57
397 487 44
134 177 9
582 318 22
741 5 43
943 771 19
377 429 44
401 638 31
454 547 35
17 532 50
874 356 12
434 661 45
502 726 31
628 235 17
969 826 25
135 76 12
549 741 16
943 636 14
600 629 56
539 935 19
183 893 54
643 490 12
347 654 26
18 773 2
457 32 49
659 857 8
389 785 30
675 431 59
431 189 52
522 463 29
816 792 50
408 346 53
378 154 18
654 889 58
118 273 54
326 505 53
171 570 8
652 5 29
863 583 23
42 221 41
694 663 49
731 590 53
131 515 16
821 228 41
132 985 48
250 941 44
593 817 20
111 822 10
417 260 29
87 478 53
732 698 51
276 118 35
272 246 49
672 946 2
882 166 11
852 434 35
819 692 15
72 206 15
96 498 40
834 304 36
506 494 50
211 658 22
41 654 28
899 758 56
371 755 37
873 275 21
223 912 20
773 32 47
864 375 37
169 586 28
157 160 36
238 427 59
867 918 33
654 971 17
991 939 18
163 562 28
13 263 15
202 489 6
274 126 24
460 418 42
280 237 43
927 817 56
945 966 16
768 664 40
150 310 18
361 452 31
975 233 3
793 523 35
949 771 55
981 464 38
968 336 38
939 814 2
921 691 31
119 15 8
652 18 60
721 780 21
35 575 7
948 972 56
789 62 15
615 162 34
516 203 15
948 999 54
593 467 57
169 289 7
703 883 39
58 750 55
797 755 11
472 772 29
692 285 11
591 694 57
504 714 49
15 198 2
723 594 53
681 215 13
292 339 14
857 602 24
555 569 57
169 781 43
832 391 7
803 802 14
506 848 47
348 520 44
376 611 31
383 903 54
608 975 8
998 107 38
243 326 5
356 433 9
928 170 36
270 526 60
570 86 57
79 89 36
238 676 45
76 623 13
507 9 13
183 621 26
407 755 47
508 553 46
615 609 52
791 1 12
693 978 45
608 128 53
554 346 22
319 123 37
776 696 59
44 983 43
801 494 55
476 955 41
561 118 31
224 515 31
510 618 57
366 730 18
458 466 8
324 987 58
626 400 25
483 199 60
721 811 50
114 983 49
345 751 30
62 777 32
707 369 34
571 409 1
543 540 5
726 306 53
74 88 20
896 301 5
233 86 11
767 565 60
744 27 51
571 534 20
560 350 3
949 602 49
313 118 47
166 673 6
424 515 20
347 89 49
219 793 42
178 673 54
6 314 52
365 674 58
645 807 23
386 213 58
608 436 13
530 302 21
324 208 16
362 709 50
487 115 12
430 201 42
898 610 48
953 252 25
647 641 29
15 268 49
387 947 37
841 980 55
651 588 8
8 752 47
779 574 19
76 220 20
91 978 41
904 295 41
536 929 4
153 36 41
374 963 13
904 318 19
748 238 14
190 323 7
696 161 5
372 627 45
973 213 38
55 260 8
612 848 22
993 946 43
113 571 28
675 990 4
340 278 56
274 371 45
794 820 13
395 8 21
511 237 3
244 303 12
158 76 16
814 31 38
631 193 60
958 699 58
160 732 21
346 355 42
724 49 24
659 794 50
123 715 57
416 133 30
284 264 32
466 427 43
828 863 37
213 712 48
33 829 19
20 285 56
987 524 52
12 863 8
238 831 29
618 52 19
686 222 1
765 379 22
143 28 5
719 268 1
833 646 51
741 778 31
316 936 49
544 556 21
559 308 54
579 738 31
777 314 25
686 153 45
575 746 31
392 405 54
877 845 32
649 199 9
269 169 27
925 210 54
753 817 36
100 349 7
179 772 30
46 244 31
976 947 47
57 436 23
444 430 5
51 935 56
590 739 33
893 726 41
418 83 24
438 353 43
543 893 2
50 584 2
592 684 54
346 271 12
407 402 9
253 328 13
247 504 47
886 184 24
149 247 36
119 600 52
680 986 27
169 422 7
638 285 16
108 786 42
390 323 55
834 201 32
111 757 7
906 2 58
858 892 53
459 17 12
114 977 11
186 19 46
355 347 15
722 108 38
493 776 43
216 703 27
468 126 28
207 413 6
564 39 59
752 199 43
699 89 54
979 309 43
508 681 18
644 826 51
814 161 35
710 335 32
659 491 30
595 190 31
385 745 28
790 151 16
708 408 40
288 553 16
674 931 39
717 148 32
764 358 43
123 109 11
504 927 29
48 382 9
228 248 24
262 861 9
263 925 33
79 761 31
126 500 60
487 892 5
594 637 24
561 882 16
93 758 48
816 75 8
190 770 45
149 471 23
709 264 38
658 650 10
174 622 30
841 764 17
975 953 60
679 548 28
10 770 50
972 547 55
267 200 1
259 833 14
964 838 7
967 46 3
503 634 4
905 326 27
203 396 19
85 718 39
21 572 15
109 276 50
397 175 35
305 699 53
382 597 37
441 643 52
33 952 41
890 26 10
443 133 38
448 144 55
450 802 60
786 311 15
858 924 11
667 882 20
9 300 5
565 602 12
733 697 14
224 409 52
377 722 6
229 249 52
695 974 19
369 31 29
90 665 33
90 44 39
149 965 6
263 420 30
824 983 37
784 387 31
861 835 7
977 77 33
170 561 50
540 570 17
875 561 1
495 730 16
201 210 42
975 633 16
873 999 2
187 168 4
640 256 20
260 802 1
937 60 50
606 247 52
695 496 47
260 927 7
585 801 36
109 889 54
422 611 25
551 276 41
451 763 47
875 960 29
886 631 9
741 966 53
333 805 60
268 490 43
751 567 45
248 244 33
549 767 37
379 956 34
273 616 1
536 704 8
553 741 59
958 974 39
280 346 4
729 643 28
156 210 7
997 661 22
691 14 5
991 321 23
361 721 52
11 664 50
947 373 11
862 597 1
455 490 8
481 115 27
456 258 5
878 915 56
808 143 32
73 347 9
733 491 58
265 663 10
568 587 32
929 135 13
322 184 24
729 305 31
469 507 44
810 696 27
8 72 4
987 688 27
983 549 16
151 121 56
121 668 3
455 625 40
553 911 47
54 451 9
634 207 34
315 630 55
638 176 32
92 999 30
993 379 32
800 257 13
114 786 18
726 574 22
582 217 59
344 432 27
203 306 19
937 505 52
333 580 31
792 157 26
451 990 46
200 602 24
609 970 19
908 186 48
47 83 23
968 748 43
971 261 6
789 652 30
97 73 20
902 925 27
988 75 13
266 492 28
974 940 42
390 734 16
761 198 27
517 148 35
453 157 35
2 262 43
590 11 17
925 995 42
351 336 26
108 158 54
668 97 35
760 792 28
284 819 17
523 418 34
256 423 28
722 4 24
788 988 21
583 917 40
614 433 44
412 919 39
543 659 2
347 659 58
118 292 8
806 450 9
324 605 34
573 871 15
856 961 11
310 789 49
654 30 16
826 839 47
216 473 52
497 738 57
738 709 50
463 372 25
696 928 54
197 253 52
702 402 47
412 408 29
428 152 58
39 527 35
919 225 33
187 695 57
952 334 36
209 69 14
380 512 37
223 698 51
956 948 21
985 583 37
30 561 7
334 536 20
151 559 25
114 360 12
392 762 1
720 982 50
481 651 50
560 948 11
71 949 56
761 98 26
882 537 40
423 345 5
973 611 49
806 107 60
185 111 27
39 611 3
806 876 47
228 839 52
651 593 8
58 22 21
886 868 51
643 289 44
380 364 41
192 697 21
6 541 53
813 766 9
761 167 29
188 609 19
397 590 6
693 363 45
895 502 39
795 899 36
860 840 51
987 583 14
609 469 39
450 266 54
17 359 29
494 471 58
154 417 14
630 487 18
72 517 9
75 290 27
528 54 46
841 384 51
280 673 33
674 716 11
17 474 6
776 305 52
670 712 19
925 784 32
5 946 33
319 611 55
107 869 56
928 357 33
976 70 20
487 29 39
318 366 20
123 796 29
918 715 48
582 400 37
122 558 32
30 361 48
277 857 19
392 311 19
614 325 34
172 946 1
979 464 55
118 865 17
223 743 31
736 761 58
147 381 49
144 790 20
771 420 51
653 201 32
623 202 45
384 48 30
478 201 43
242 875 45
283 541 10
321 352 11
689 90 14
991 428 24
396 504 50
426 908 29
299 901 38
797 386 19
797 972 38
776 115 48
976 863 56
355 187 4
973 299 9
31 103 22
463 471 2
902 16 5
110 667 45
94 237 34
269 92 47
862 970 51
475 71 3
484 231 44
900 259 30
612 978 15
327 459 58
458 475 34
806 762 16
917 407 9
475 549 31
729 424 26
655 100 30
165 438 16
677 119 16
993 708 4
191 58 36
366 561 15
319 231 54
551 765 31
960 816 42
922 644 18
923 208 3
736 722 17
57 988 6
570 756 16
474 554 1
631 948 2
589 647 21
76 896 22
619 200 2
90 3 28
384 242 33
513 988 43
983 606 42
509 68 16
745 654 5
486 752 16
63 124 43
818 849 43
444 371 11
83 336 23
913 799 1
151 631 30
816 184 31
321 283 60
656 443 56
282 935 54
407 747 7
641 667 33
195 938 41
261 587 53
982 610 35
376 530 55
94 415 7
64 754 26
838 738 59
54 203 11
245 515 28
165 122 8
534 635 53
80 162 16
749 294 20
891 653 58
951 444 50
83 174 34
816 824 21
664 313 28
39 558 51
832 916 10
306 40 25
695 995 20
925 694 22
914 99 19
617 634 47
744 939 45
687 712 24
898 250 5
940 966 25
929 32 45
82 197 9
7 306 12
832 267 34
469 39 24
199 507 27
100 990 50
157 225 40
616 400 7
671 450 36
372 713 5
995 734 6
845 439 29
455 539 28
655 878 27
339 928 1
933 396 21
930 608 55
756 760 36
21 825 60
960 10 53
258 639 11
963 293 56
394 296 10
940 557 11
210 638 14
434 292 17
975 743 26
710 763 27
491 554 54
540 389 30
961 893 29
447 914 59
681 837 11
257 467 8
281 63 36
838 861 24
928 695 5
8 201 12
491 313 16
463 163 35
324 204 34
181 590 2
745 877 60
502 438 38
161 287 30
877 187 42
363 451 36
32 948 27
584 394 21
18 621 52
12 321 11
190 956 53
711 177 45
71 316 2
872 456 56
578 227 60
16 642 2
193 169 22
95 344 16
213 693 20
794 386 57
83 84 6
308 809 44
975 130 3
917 245 46
784 342 58
53 994 19
712 389 26
752 156 50
99 706 31
177 898 25
318 269 44
952 410 15
17 266 28
601 224 15
712 279 20
266 619 17
322 836 12
590 91 44
390 247 11
538 164 7
540 87 40
281 818 23
885 386 21
713 856 31
17 412 25
717 697 17
934 970 37
333 775 22
706 200 54
65 789 33
217 345 5
254 49 13
571 625 60
696 761 24
95 275 10
70 188 18
484 254 33
144 725 21
285 964 34
303 568 9
872 603 60
460 742 47
507 138 5
111 778 21
255 696 31
140 966 38
293 40 29
583 718 9
939 695 49
0 591 29
565 392 56
805 601 56
109 260 24
342 537 7
287 457 45
160 244 57
629 733 42
648 286 10
519 531 59
187 603 2
507 981 16
519 979 20
569 795 58
288 582 11
261 344 12
798 45 7
881 190 25
449 239 17
199 119 8
535 998 41
606 568 44
296 868 30
706 392 16
292 800 41
258 932 29
404 587 34
362 910 59
712 596 13
565 345 49
683 375 47
479 620 24
318 543 1
702 803 38
837 525 21
100 275 28
642 948 19
172 905 39
258 733 27
747 731 28
124 868 51
565 304 24
283 266 4
930 34 45
81 927 52
870 770 29
71 944 47
938 4 40
352 962 27
501 956 42
213 441 10
132 124 50
862 26 10
304 545 43
851 856 3
946 881 41
163 346 53
639 416 19
599 22 53
1 551 46
322 517 42
217 19 18
83 855 35
518 365 26
371 190 16
502 336 44
306 767 34
226 8 60
106 244 45
923 47 58
365 141 59
491 350 15
550 352 1
443 343 11
584 809 55
349 325 3
587 159 2
481 643 28
211 100 55
789 621 10
500 939 15
717 529 50
19 252 18
86 734 49
428 912 7
665 943 31
93 439 27
515 641 19
855 64 6
419 347 52
193 572 36
711 932 32
641 532 45
714 603 35
422 204 55
302 828 3
92 842 25
640 362 2
80 705 35
838 33 29
295 260 19
878 851 30
884 29 15
192 136 2
553 197 34
560 431 29
973 154 23
785 765 20
424 535 43
83 484 55
494 957 45
239 870 16
506 610 1
893 28 51
83 76 59
408 317 49
906 754 34
241 763 27
998 662 47
589 167 49
164 477 60
901 693 2
257 442 35
338 565 21
296 896 46
341 514 50
795 866 40
355 561 30
820 628 8
938 384 52
361 99 11
466 757 36
713 262 16
660 767 23
391 449 51
136 364 24
484 230 14
231 295 42
233 672 9
259 135 20
448 439 47
968 598 41
996 915 26
494 197 18
764 894 25
256 993 36
257 151 29
385 962 12
865 210 29
120 932 55
546 18 55
610 481 16
250 598 46
721 418 51
551 899 55
505 434 46
548 875 23
836 574 50
292 733 60
442 161 57
999 964 5
680 566 45
514 76 19
964 745 40
364 1 27
936 366 27
492 49 48
360 125 57
284 684 26
265 142 28
949 95 1
26 46 22
113 566 27
509 358 39
118 772 36
849 605 6
114 203 40
418 550 33
707 331 4
457 959 48
717 740 44
876 132 52
609 699 19
978 482 45
348 494 25
572 96 36
269 26 23
855 496 14
452 999 29
165 693 56
762 450 9
831 962 28
663 433 8
565 816 22
350 876 32
524 243 31
309 56 52
713 135 47
62 332 26
512 690 40
705 79 1
435 984 54
117 653 21
88 966 24
738 721 40
427 201 44
95 560 8
985 663 15
739 875 26
79 225 23
921 806 54
915 402 24
653 325 54
142 985 40
925 907 42
235 568 28
615 607 11
484 141 14
191 232 15
676 801 31
540 556 12
310 840 40
380 422 37
287 829 43
741 754 52
771 760 18
718 84 3
555 922 16
799 925 23
361 355 13
27 114 44
891 542 3
995 138 3
675 325 11
359 240 32
646 947 46
580 980 49
996 657 42
154 635 20
166 493 55
762 769 7
844 793 4
667 600 1
50 912 30
986 790 55
356 717 9
75 438 37
534 769 60
720 669 58
569 921 33
222 71 40
258 8 52
471 256 1
232 869 12
273 371 26
132 380 6
587 775 54
599 608 6
664 743 3
15 599 11
287 387 19
931 134 25
712 583 24
556 281 10
722 245 15
175 283 9
728 976 25
862 555 4
339 373 32
965 658 47
567 925 20
948 151 18
989 521 8
991 844 9
749 226 48
38 988 29
881 393 56
844 109 32
250 385 60
872 449 30
542 511 47
992 948 47
628 608 59
729 961 54
236 442 30
773 276 21
201 750 46
35 247 55
440 570 36
49 83 34
931 25 8
412 10 27
943 748 51
749 373 51
315 555 50
614 629 22
167 532 38
603 729 46
176 981 35
834 506 52
331 15 36
272 907 3
424 168 26
389 409 26
912 351 37
371 601 6
910 358 56
674 717 22
871 815 55
64 287 3
784 249 32
788 71 29
666 657 16
797 794 34
40 552 14
224 925 44
660 735 52
51 938 47
876 288 32
479 811 35
724 663 20
757 527 25
401 619 9
734 915 54
384 686 44
629 935 29
322 558 31
704 643 50
192 52 13
997 576 44
376 69 20
739 796 33
202 656 1
792 293 53
845 771 24
53 753 6
556 504 21
818 391 22
269 312 1
625 213 2
904 510 41
993 18 48
165 418 54
804 898 14
485 619 54
466 546 38
44 980 26
465 202 36
924 940 46
623 891 15
613 337 28
814 426 40
293 368 5
983 628 26
576 572 14
422 176 52
699 236 49
911 152 25
478 1 48
910 291 46
675 888 55
638 503 50
603 102 19
178 92 5
988 487 47
113 908 45
938 960 5
881 179 8
533 547 34
324 56 10
286 998 32
861 912 40
514 952 9
928 627 15
180 549 37
721 196 15
461 143 47
61 359 28
634 121 42
400 857 2
455 271 58
748 38 49
136 837 16
734 396 40
848 803 43
959 333 11
508 957 46
217 99 10
220 130 6
500 668 56
441 492 51
784 597 38
366 590 39
883 306 44
781 942 59
942 861 17
959 561 5
147 149 43
80 410 28
901 372 1
0 191 17
624 78 3
387 66 48
3 318 25
881 912 50
354 86 47
941 860 43
758 852 36
589 157 36
612 373 4
455 745 40
942 631 43
952 65 50
72 415 44
274 62 43
581 601 45
0 129 54
584 756 33
564 610 34
479 321 58
901 775 24
588 780 8
366 645 27
790 898 31
206 78 58
861 485 59
550 3 38
840 118 48
492 293 29
567 762 46
824 33 57
116 493 3
461 91 58
858 570 37
78 59 35
711 129 49
88 225 43
30 586 57
116 525 15
267 638 6
666 259 3
133 278 51
614 820 37
885 677 28
300 725 21
688 336 2
697 771 10
926 957 20
349 329 7
801 750 9
997 878 54
682 18 58
901 538 34
156 997 56
163 888 47
672 763 51
34 290 25
405 339 37
293 477 34
606 919 22
730 565 35
562 735 9
920 161 55
385 230 14
479 741 57
681 562 41
905 36 31
758 628 53
401 479 36
122 74 44
7 985 43
299 988 43
422 438 43
291 442 35
301 950 53
72 393 58
896 963 46
299 217 16
788 269 15
115 473 25
951 516 1
938 379 53
48 94 21
104 526 45
996 57 5
342 656 29
151 56 21
734 195 27
196 110 15
680 348 28
507 573 4
396 20 39
213 582 30
17 61 40
203 860 3
853 511 20
523 420 28
505 980 24
939 0 46
889 920 32
197 655 13
441 74 27
470 885 15
532 47 57
501 780 6
95 279 1
612 864 13
362 83 31
272 432 37
279 40 20
338 777 27
420 757 23
766 898 43
602 855 46
204 713 11
100 66 58
714 168 2
536 538 5
302 682 32
837 894 20
710 861 32
196 579 47
405 93 43
143 16 1
876 541 54
54 151 23
572 954 42
322 317 15
922 687 9
149 589 30
258 600 15
22 733 18
154 172 27
959 783 9
72 915 18
448 869 32
785 275 59
802 861 36
515 358 21
331 818 32
532 142 6
149 715 22
30 121 5
107 682 50
544 697 51
90 397 17
852 817 19
260 168 60
435 354 32
71 64 34
257 42 53
383 992 32
267 856 48
739 301 10
130 856 29
878 862 34
84 420 35
718 751 17
391 655 33
823 308 34
141 994 54
264 569 35
10 662 16
244 304 47
196 520 24
107 261 11
931 8 14
694 502 27
999 618 8
476 457 3
23 539 22
770 435 30
936 726 29
756 813 26
855 950 43
822 758 25
343 903 12
319 804 35
486 453 14
928 340 13
681 857 55
64 861 33
95 765 37
838 379 50
994 115 33
72 466 35
620 767 26
916 473 59
121 589 22
206 537 20
455 814 4
57 778 3
307 17 13
756 983 50
58 461 22
527 544 59
327 370 52
803 205 33
709 741 33
677 778 27
552 715 10
205 22 47
737 153 6
781 408 22
979 835 29
605 424 29
167 316 19
400 544 27
466 390 39
122 383 19
618 9 57
584 752 51
426 561 52
746 179 49
234 698 37
97 856 3
843 189 54
968 27 13
554 92 11
925 942 9
782 385 7
328 958 22
100 445 7
78 245 6
509 593 45
415 270 20
801 85 47
312 956 60
646 991 59
909 429 43
557 329 41
276 785 1
467 974 39
888 499 9
508 151 2
785 525 46
402 531 15
39 211 24
417 729 20
935 50 32
998 638 6
715 919 33
782 107 21
999 229 31
615 477 41
317 358 10
429 307 35
234 8 46
685 402 57
374 543 13
721 771 34
767 493 26
419 644 18
510 370 25
964 944 16
214 894 42
692 744 11
585 266 42
229 840 29
679 463 50
484 644 56
55 990 39
116 16 43
320 124 13
208 554 46
985 422 53
124 852 11
975 4 20
271 900 14
653 855 60
6 628 1
138 349 25
849 606 59
623 457 41
169 291 21
293 710 14
796 660 13
7 269 47
96 898 33
663 495 39
951 248 27
361 265 30
694 568 30
448 901 14
869 812 24
69 387 16
235 409 14
685 350 11
33 77 25
963 657 39
140 563 60
546 523 23
908 304 36
384 206 25
863 304 9
569 800 43
580 891 14
74 279 39
450 750 59
409 164 18
467 802 14
101 557 52
653 642 57
396 886 6
381 806 12
243 544 18
748 574 47
414 428 33
218 458 52
734 141 47
390 615 31
573 500 57
822 60 4
115 988 28
135 298 5
269 52 40
212 545 7
290 760 28
980 362 8
410 619 58
586 502 33
938 767 3
280 768 28
498 191 10
208 262 4
411 41 31
438 2 1
134 436 8
288 544 24
173 662 34
731 307 5
182 732 45
407 856 57
821 748 55
835 480 31
590 577 45
590 247 34
645 720 47
541 345 9
397 213 23
472 970 16
891 306 19
269 911 18
914 157 36
530 187 42
480 643 8
370 924 56
403 43 55
156 743 37
394 573 47
937 732 21
538 239 60
369 874 29
494 82 51
42 541 27
645 675 8
921 614 22
603 848 29
429 485 48
797 759 6
75 994 52
497 573 30
200 184 20
305 100 24
164 602 27
296 760 39
528 971 35
756 325 14
103 901 54
701 396 5
722 8 29
149 443 41
963 823 32
800 253 22
294 152 41
427 248 47
886 360 25
781 703 29
564 685 11
493 7 23
311 658 41
988 855 13
88 677 26
162 631 37
876 36 23
935 774 34
670 65 4
861 454 34
297 550 18
737 234 55
388 698 10
274 20 5
957 997 9
340 813 30
991 238 13
546 193 44
835 817 19
313 856 17
437 374 1
250 872 29
723 345 60
269 95 27
135 999 33
4 529 42
623 511 9
479 155 41
539 377 18
613 815 17
412 640 32
462 569 26
105 65 27
639 145 13
467 706 32
237 591 25
187 741 59
71 928 59
792 361 34
521 484 30
834 98 39
881 915 35
816 619 56
540 772 25
814 665 5
11 695 33
146 494 25
790 351 60
749 2 22
651 503 30
359 688 29
329 348 36
219 583 20
440 512 41
494 326 26
44 692 17
916 222 6
662 784 39
862 692 41
884 539 57
114 595 5
848 762 3
782 239 59
825 268 31
812 662 46
120 665 53
383 324 35
52 933 22
523 853 45
743 2 59
205 780 8
706 728 43
173 506 54
27 843 51
399 235 29
296 695 9
256 171 27
99 833 10
879 827 15
734 208 60
611 214 9
923 985 37
586 260 29
865 962 9
320 678 31
531 673 47
223 607 21
689 715 58
689 17 34
317 717 15
801 918 34
269 303 46
978 492 11
31 223 36
573 738 32
635 953 11
438 633 47
516 990 44
669 883 39
592 473 53
111 578 43
988 167 41
793 387 44
607 169 42
118 959 8
913 394 34
230 343 11
649 593 43
799 534 9
565 521 18
934 153 52
758 642 26
139 738 29
306 20 38
435 772 38
197 651 34
231 691 42
881 121 10
446 958 21
638 502 56
374 549 43
814 552 37
840 515 16
315 111 48
208 600 38
961 338 28
999 531 20
258 717 55
226 432 52
557 668 58
513 321 49
931 66 1
485 309 12
835 355 30
742 138 6
794 854 49
217 426 22
570 235 46
687 958 29
519 296 8
622 789 21
160 524 54
116 103 59
560 961 24
611 890 12
91 320 5
893 29 31
148 519 60
378 594 56
837 534 38
556 460 59
916 357 2
489 537 58
522 771 39
651 701 49
205 556 55
857 399 30
523 192 41
585 732 12
338 597 54
950 23 60
613 744 47
473 402 59
129 415 44
842 370 17
364 199 41
782 684 7
925 724 45
349 609 46
709 682 55
215 553 41
306 74 59
826 677 13
790 165 45
654 125 42
795 660 14
717 356 18
991 332 1
709 495 45
151 901 19
439 511 9
2 602 48
686 129 21
205 344 46
997 692 33
541 411 6
685 35 47
525 637 11
940 510 1
289 871 19
700 359 9
243 328 30
242 918 20
89 239 28
3 395 11
32 622 5
952 108 16
633 85 34
994 328 43
628 233 12
536 121 16
404 172 58
236 735 16
394 807 21
428 679 25
444 656 58
127 199 12
502 420 2
702 225 35
576 490 36
325 951 11
784 927 58
82 577 56
300 30 27
79 241 11
359 110 16
197 309 20
628 473 12
260 367 39
443 911 58
912 939 37
474 280 34
943 825 24
476 339 1
345 177 17
939 698 9
384 876 7
7 177 3
258 215 20
206 161 9
606 794 53
799 105 32
427 765 10
32 174 25
423 183 42
484 706 35
200 199 37
263 794 36
244 817 60
980 948 25
51 907 17
124 18 11
64 456 42
901 530 39
107 349 45
858 991 20
632 157 35
474 628 9
930 397 6
536 355 60
205 542 5
521 377 25
978 840 18
26 800 58
570 463 37
966 468 43
36 126 43
671 929 34
85 297 58
709 501 3
244 386 22
128 266 37
365 816 40
816 659 29
38 419 1
950 816 4
561 244 16
441 361 54
93 718 20
618 213 42
120 383 29
420 621 47
184 903 36
917 220 42
615 988 58
331 478 33
937 972 47
281 498 59
270 397 28
872 452 46
191 14 34
812 149 14
517 300 29
161 690 21
551 22 29
926 621 31
792 176 1
296 823 23
656 553 53
865 484 55
141 53 48
765 410 35
457 949 24
300 977 22
146 127 23
706 511 19
146 352 57
639 699 59
361 620 15
245 934 1
566 393 24
933 15 37
359 236 35
762 686 27
799 679 36
646 330 12
51 226 4
646 271 4
418 373 36
397 11 33
592 737 9
0 371 16
783 29 26
929 644 32
529 652 60
314 292 4
428 889 24
460 559 23
500 988 37
90 97 37
695 413 48
291 972 12
329 850 33
264 594 54
424 284 60
880 127 40
20 746 35
422 698 58
747 911 18
179 796 57
150 499 4
866 693 45
68 56 31
350 505 10
531 913 57
948 301 12
937 764 6
81 393 55
801 928 60
59 533 29
453 782 11
71 527 12
482 276 51
870 965 39
584 879 16
477 620 22
906 905 15
874 419 59
371 8 19
735 435 34
664 756 44
648 143 57
400 887 3
299 430 7
9 253 3
792 55 20
643 348 7
265 247 53
758 859 27
77 865 53
691 756 6
228 840 39
534 28 1
593 170 2
897 25 26
112 894 3
636 862 26
773 796 31
267 912 14
298 308 5
281 95 24
935 215 7
187 836 59
492 327 48
66 931 5
364 289 57
9 951 32
738 96 55
115 635 48
471 998 39
229 777 53
819 950 20
158 804 23
753 422 11
959 350 31
236 238 8
542 316 24
437 548 49
708 551 57
922 526 4
380 821 32
943 353 58
28 301 36
739 410 41
925 83 10
955 106 55
370 848 4
312 252 33
603 623 2
644 172 36
515 300 25
197 569 29
915 730 20
325 428 17
879 80 7
189 139 4
269 477 11
574 637 41
618 971 41
302 649 12
312 552 21
208 742 32
59 838 54
522 186 11
577 632 44
452 814 7
435 419 60
419 384 33
230 554 43
735 922 5
407 934 57
769 211 44
274 544 10
122 865 8
425 82 9
238 778 38
257 423 17
271 14 13
509 371 55
589 233 7
30 498 58
472 263 56
822 835 56
998 932 10
920 503 32
221 769 43
490 461 7
399 37 34
332 357 50
641 134 34
916 187 47
220 695 58
830 729 37
8 139 18
192 379 26
247 141 36
66 472 54
154 790 16
357 430 33
491 955 39
501 278 15
529 224 28
631 2 4
375 611 55
175 959 19
559 16 48
911 230 41
29 548 24
849 799 34
816 507 30
275 128 37
171 633 27
879 985 48
924 288 49
243 2 55
135 661 57
566 579 16
509 702 45
926 36 5
337 663 59
43 553 54
851 814 4
134 715 11
319 522 40
862 698 12
611 649 20
241 273 54
60 937 60
485 777 1
95 863 32
980 328 27
234 927 39
871 649 37
569 252 42
168 638 23
19 319 1
764 110 36
799 258 31
9 839 4
167 405 1
565 846 33
683 822 11
917 979 50
279 616 9
197 225 29
169 826 45
204 413 41
839 368 49
405 152 4
650 540 26
56 237 35
31 282 40
257 671 9
116 725 42
256 334 46
66 799 5
776 756 23
619 16 32
141 544 46
432 751 16
40 321 44
704 475 32
243 195 38
222 978 54
218 825 4
695 643 1
266 795 56
601 570 27
890 876 5
866 629 53
583 311 41
513 825 33
149 751 11
912 784 29
973 601 1
609 144 33
514 651 11
494 169 59
293 401 33
714 710 39
788 77 50
260 592 49
125 242 22
847 650 28
740 723 48
685 710 25
787 264 9
211 855 40
684 217 10
272 24 59
598 461 24
511 120 27
933 653 53
614 907 23
263 217 5
141 631 19
81 713 46
276 554 6
80 987 48
299 282 41
927 829 18
157 698 39
401 439 15
187 242 44
309 539 30
656 891 36
922 455 12
543 227 26
413 553 9
380 801 7
195 942 40
571 631 49
530 64 17
845 798 27
639 973 17
610 366 20
920 928 14
788 766 57
412 857 33
912 768 58
717 896 1
664 492 20
536 219 9
118 175 40
891 168 18
414 601 9
212 467 43
545 751 36
465 222 42
912 533 42
255 805 6
75 210 41
239 201 52
122 56 28
963 631 40
284 725 17
180 325 28
431 659 10
690 421 52
866 345 9
73 169 37
581 274 56
359 453 43
552 558 8
230 537 25
345 577 53
603 459 50
950 791 16
39 850 36
454 594 52
371 161 23
411 844 15
20 173 49
297 123 16
690 727 22
535 678 38
798 438 4
542 261 34
705 493 18
105 412 2
139 318 52
723 116 44
105 178 2
366 258 9
174 509 10
896 263 28
873 960 21
821 70 15
219 439 34
466 465 35
573 904 58
907 656 52
300 173 30
935 176 24
13 129 37
630 228 25
656 569 15
31 973 20
745 645 19
317 180 39
980 573 34
328 71 59
311 225 29
234 593 60
170 851 18
777 781 42
65 302 25
812 929 31
838 983 14
45 431 54
685 581 59
598 274 7
528 460 22
535 513 34
355 240 1
794 914 29
641 990 2
181 963 18
94 793 30
144 618 15
658 814 21
737 357 47
878 349 4
10 703 37
835 295 15
296 787 16
945 155 14
898 845 21
325 213 18
441 563 20
61 240 43
560 907 3
628 769 9
533 248 43
437 550 8
733 125 52
649 361 49
380 812 26
205 902 27
217 962 24
16 123 12
736 253 13
524 973 44
323 426 21
829 580 31
319 625 19
540 564 4
784 610 17
229 363 59
801 755 39
734 398 41
914 146 22
140 341 1
218 938 15
365 940 58
956 486 35
650 558 14
927 406 51
686 56 46
334 160 47
514 609 28
28 189 45
8 90 49
66 729 2
549 401 51
469 144 58
706 687 48
406 724 5
428 472 5
76 203 43
57 149 4
866 759 43
224 62 43
916 190 11
226 990 22
487 649 35
340 922 39
945 840 44
7 591 21
164 338 39
282 422 4
474 439 39
491 19 34
238 46 19
717 594 55
664 361 60
576 453 47
227 428 53
908 136 51
809 334 44
600 250 32
981 155 48
652 340 24
841 612 24
329 735 42
371 874 60
64 362 58
63 184 50
606 344 15
808 409 29
211 360 10
18 479 22
833 832 36
315 471 32
362 743 7
524 824 1
633 475 35
724 891 5
256 648 46
594 812 12
237 571 52
774 741 26
438 806 4
669 23 59
709 106 19
205 982 32
693 386 25
190 280 33
573 538 46
166 374 34
972 480 44
722 60 29
195 700 35
503 963 59
923 659 37
316 192 18
63 256 24
15 674 56
950 379 59
917 74 58
701 1 31
48 582 2
890 282 25
211 236 59
522 329 7
148 228 24
729 483 17
990 294 24
339 985 38
730 840 6
423 711 47
182 94 35
414 335 34
708 942 51
10 183 15
166 385 60
867 922 55
595 612 56
25 71 48
244 680 55
482 717 41
805 388 5
500 643 17
698 383 5
487 594 11
430 206 26
352 473 23
959 617 60
274 943 18
180 895 38
2 170 37
463 844 48
438 40 39
290 479 16
205 550 48
675 946 21
55 358 6
156 9 30
335 54 58
649 173 19
878 977 1
809 573 34
968 732 32
3 689 31
565 357 50
854 403 44
183 804 25
601 67 3
791 543 26
628 882 33
267 122 49
516 590 28
314 55 9
359 52 23
109 241 21
85 900 49
837 464 56
364 630 55
731 829 22
99 682 27
922 154 22
793 423 2
980 619 19
364 485 5
543 201 51
701 138 20
288 62 48
595 497 1
510 21 1
385 789 6
579 832 53
566 491 8
426 212 5
736 116 47
847 436 29
162 762 36
879 121 3
599 178 16
428 801 5
614 508 31
306 139 44
140 227 32
313 261 22
987 371 50
340 831 13
396 310 43
232 268 45
703 131 37
587 344 56
607 944 47
950 323 44
109 300 37
187 689 25
658 407 45
495 780 33
369 976 12
339 912 27
99 502 38
464 699 31
341 913 39
882 785 18
870 611 45
335 29 47
428 237 52
876 34 48
774 81 35
936 578 54
285 669 59
765 335 39
175 428 36
842 601 43
165 811 1
907 508 36
235 320 24
202 562 6
72 706 47
490 930 31
412 88 33
677 266 10
816 719 28
611 545 43
975 59 49
432 385 37
198 973 58
226 854 38
622 472 25
548 822 44
610 106 54
835 324 8
433 747 42
947 361 18
345 914 40
234 185 11
979 17 21
102 38 17
299 119 17
912 286 43
891 592 26
796 533 58
877 438 29
390 750 60
335 726 43
40 823 42
327 698 43
68 4 29
803 547 43
790 742 20
755 35 39
911 950 39
901 347 8
645 711 49
961 684 11
100 969 22
490 873 4
37 304 40
969 986 30
964 645 32
987 486 47
604 785 15
736 148 2
772 549 42
14 280 32
814 805 11
988 255 31
866 421 4
342 275 13
446 15 18
471 353 42
849 156 41
103 398 28
559 879 43
199 537 27
607 211 24
881 160 25
792 759 33
482 548 50
537 947 7
523 324 25
869 455 24
837 264 46
553 853 48
721 919 42
729 957 57
460 216 31
852 583 26
890 785 26
17 170 59
369 767 59
480 904 16
468 131 26
180 953 43
208 275 42
675 873 11
994 704 13
299 968 6
270 714 21
203 454 28
372 457 9
931 601 53
803 379 21
450 397 10
347 882 8
254 100 58
918 732 11
795 0 7
902 913 11
713 312 10
461 999 26
502 463 44
204 271 27
994 796 12
726 851 44
19 530 29
184 722 34
147 551 45
268 184 50
201 672 36
765 190 54
575 172 53
230 846 28
693 281 38
561 832 13
221 754 55
179 287 43
565 919 12
834 755 39
379 314 58
524 209 13
666 62 47
584 59 16
444 807 60
571 861 3
193 860 16
862 30 8
950 667 20
551 637 42
569 106 59
511 877 45
732 845 45
107 713 52
960 143 51
516 10 4
460 747 8
697 646 2
469 621 22
410 387 18
843 656 26
29 780 54
348 665 37
770 227 28
119 403 2
768 226 6
327 5 12
685 359 21
809 734 27
40 874 26
835 757 24
500 474 1
531 719 16
493 966 53
808 910 2
727 764 39
585 625 18
998 949 17
280 628 20
911 776 58
554 356 23
794 620 32
546 303 19
419 621 16
433 571 36
33 586 32
100 635 17
811 929 9
450 278 14
61 267 16
684 867 57
300 172 51
841 398 35
754 931 60
649 503 12
211 684 50
