100
0 1 0
0 2 0
0 3 0
0 4 0
0 5 0
0 6 0
0 7 0
0 8 0
0 9 0
0 10 0
0 11 0
0 12 0
0 13 0
0 14 0
0 15 0
0 16 0
0 17 0
0 18 0
0 19 0
0 20 0
0 21 0
0 22 0
0 23 0
0 24 0
0 25 0
0 26 0
0 27 0
0 28 0
0 29 0
0 30 0
0 31 0
0 32 0
0 33 0
0 34 0
0 35 0
0 36 0
0 37 0
0 38 0
0 39 0
0 40 0
0 41 0
0 42 0
0 43 0
0 44 0
0 45 0
0 46 0
0 47 0
0 48 0
0 49 0
0 50 0
0 51 0
0 52 0
0 53 0
0 54 0
0 55 0
0 56 0
0 57 0
0 58 0
0 59 0
0 60 0
0 61 0
0 62 0
0 63 0
0 64 0
0 65 0
0 66 0
0 67 0
0 68 0
0 69 0
0 70 0
0 71 0
0 72 0
0 73 0
0 74 0
0 75 0
0 76 0
0 77 0
0 78 0
0 79 0
0 80 0
0 81 0
0 82 0
0 83 0
0 84 0
0 85 0
0 86 0
0 87 0
0 88 0
0 89 0
0 90 0
0 91 0
0 92 0
0 93 0
0 94 0
0 95 0
0 96 0
0 97 0
0 98 0
0 99 0
1 12 5
1 41 3
1 75 5
1 94 3
2 7 1
2 93 -1
3 18 1
3 55 -1
3 64 1
3 75 3
4 11 1
4 20 1
4 65 1
4 75 5
5 15 1
5 79 -1
5 82 1
6 7 5
6 43 1
6 45 3
6 47 -1
7 3 -1
7 14 -1
7 15 -1
7 29 -1
7 45 -1
7 49 5
7 57 1
7 94 -1
7 97 1
8 2 1
9 48 -1
9 66 -1
9 77 1
9 82 1
9 95 1
10 11 1
10 13 3
10 17 3
10 18 3
10 37 3
10 39 3
10 48 1
10 62 3
10 68 -1
11 3 3
11 35 1
11 67 1
12 7 1
12 24 -1
12 39 -1
12 97 1
13 4 -1
13 6 -1
13 20 -1
13 26 -1
13 50 -1
13 69 1
13 75 3
14 28 -1
14 61 -1
14 65 -1
14 85 -1
14 89 -1
14 95 1
15 5 1
15 9 1
15 20 -1
15 22 -1
15 31 3
15 33 3
15 53 1
15 64 1
15 69 1
15 74 1
15 87 3
15 95 1
15 97 3
16 25 -1
16 34 1
16 38 -1
16 40 5
16 48 -1
16 57 3
16 58 -1
17 2 3
17 7 3
17 12 3
17 38 -1
17 82 1
17 90 1
17 99 3
18 48 -1
18 84 -1
18 85 -1
19 6 -1
19 7 3
19 29 1
19 35 -1
19 37 1
19 74 1
20 5 3
20 14 3
20 36 5
20 37 3
20 39 3
20 44 5
20 71 3
20 76 3
21 2 5
21 39 3
21 55 1
21 58 1
21 61 1
21 78 1
22 55 1
22 66 1
23 71 3
23 98 7
24 28 -1
24 31 3
24 41 1
24 43 -1
24 61 -1
24 64 1
24 78 -1
24 81 1
25 12 5
25 54 3
25 77 3
26 3 3
26 10 1
26 27 1
26 48 1
26 80 3
26 81 3
27 4 1
27 36 5
27 55 1
28 1 1
28 22 1
28 38 1
28 67 1
29 71 1
29 77 1
29 86 1
30 5 1
30 15 1
30 59 1
30 69 1
30 74 1
30 91 1
30 96 -1
31 15 -1
31 56 -1
31 62 -1
31 94 -1
32 5 5
32 16 5
32 23 3
32 50 3
32 53 5
32 61 3
32 88 7
33 19 -1
33 30 -1
33 92 1
33 93 -1
33 95 -1
34 23 -1
34 51 -1
34 55 -1
34 59 1
34 76 1
35 19 3
35 90 3
35 92 5
36 13 -1
36 53 -1
36 54 -1
36 56 -1
36 62 -1
37 38 -1
37 44 3
37 73 -1
38 6 1
38 32 -1
38 79 1
38 98 7
38 99 5
39 44 3
40 2 -1
40 7 -1
40 33 -1
40 36 -1
40 44 -1
40 57 -1
40 75 -1
40 87 -1
40 88 -1
40 92 -1
40 99 -1
41 13 1
41 18 1
41 24 1
41 43 -1
41 60 -1
41 62 1
41 65 -1
41 88 3
41 96 -1
42 65 -1
43 6 1
43 10 1
43 34 3
43 52 3
44 2 1
44 9 -1
44 16 -1
44 18 -1
44 24 -1
44 71 -1
44 86 -1
44 91 -1
44 93 -1
45 16 1
45 22 -1
45 33 3
45 42 1
45 46 -1
45 71 1
45 84 -1
46 2 5
46 10 1
46 35 1
46 87 5
46 89 1
46 95 3
47 24 5
47 34 5
47 53 5
47 59 5
48 26 1
48 30 3
48 35 1
48 40 7
48 62 3
48 68 -1
48 69 3
48 90 3
49 40 -1
49 98 -1
50 7 5
50 25 1
50 28 1
50 80 3
50 82 3
50 93 3
50 98 7
51 23 1
51 26 1
51 32 -1
51 53 3
51 60 1
51 82 3
51 83 3
52 14 1
52 19 1
52 37 1
52 64 1
52 66 -1
52 93 1
53 57 3
53 58 -1
53 73 -1
53 83 1
54 8 3
54 11 -1
54 14 1
54 27 -1
54 62 1
54 93 1
55 2 5
55 17 3
55 27 1
55 28 1
55 80 3
55 93 3
55 99 5
56 38 -1
56 42 1
56 78 -1
57 14 -1
57 34 -1
57 42 -1
57 74 -1
57 90 -1
58 63 3
58 67 1
58 69 3
59 27 -1
59 35 -1
59 58 -1
59 60 -1
60 1 1
60 28 1
60 52 3
60 69 3
61 3 3
61 34 3
61 42 3
61 48 1
61 77 3
61 93 3
62 3 1
62 34 1
62 50 -1
62 70 1
63 1 -1
63 13 1
63 77 1
63 84 -1
64 10 -1
64 23 -1
64 24 1
64 36 3
64 51 -1
64 55 -1
64 79 -1
65 16 3
65 31 5
65 38 1
65 46 1
65 59 3
65 62 3
65 73 1
66 20 1
66 38 1
66 49 9
66 55 1
67 20 1
67 93 3
68 20 3
68 31 7
68 33 7
68 47 1
68 83 5
68 90 5
69 25 -1
69 46 -1
69 64 1
69 67 -1
69 75 3
69 81 1
69 85 -1
70 7 3
70 33 3
70 36 3
70 46 -1
70 61 -1
70 73 -1
70 79 -1
70 98 5
71 40 5
71 53 1
71 84 -1
71 86 1
72 37 5
72 47 1
72 88 7
73 7 5
73 17 3
73 26 1
73 34 3
73 47 -1
73 49 9
73 60 1
73 87 5
73 92 5
74 12 3
74 27 -1
74 37 1
74 39 1
74 42 1
74 56 1
74 75 3
74 88 3
75 41 -1
75 76 -1
75 77 -1
75 95 -1
76 29 1
76 73 -1
76 81 1
76 84 -1
77 10 -1
77 20 -1
77 26 -1
77 76 1
78 3 3
78 10 1
78 13 3
78 16 3
78 84 1
79 72 -1
79 85 1
79 93 3
80 3 1
80 20 -1
80 53 1
80 60 -1
80 83 1
81 21 -1
81 35 -1
81 53 1
81 58 -1
81 85 -1
82 19 1
82 66 -1
82 77 1
82 79 -1
82 89 -1
82 91 1
82 98 5
83 25 -1
83 29 1
83 91 1
84 2 5
84 3 3
84 6 1
84 12 5
84 27 1
84 33 5
84 48 1
84 49 9
84 60 1
84 72 -1
84 87 5
85 24 3
85 25 1
85 30 3
85 49 9
86 38 -1
86 61 -1
86 78 -1
86 83 1
87 5 -1
87 17 -1
87 19 -1
87 37 -1
87 63 -1
87 64 -1
87 81 -1
89 21 1
89 28 1
89 57 5
89 94 3
90 23 -1
90 43 -1
90 49 7
90 52 1
90 78 -1
90 80 1
90 81 1
90 88 3
91 13 1
91 33 3
91 56 1
91 85 -1
92 14 -1
92 52 -1
92 54 -1
92 81 -1
92 90 -1
92 94 -1
93 22 -1
93 23 -1
93 60 -1
93 64 1
93 98 5
94 2 3
95 12 3
95 19 1
95 49 7
95 58 -1
96 6 1
96 30 3
97 59 -1
97 70 -1
97 90 -1
98 8 -1
98 12 -1
98 31 -1
98 97 -1
99 15 -1
99 69 -1
99 80 -1
99 82 -1
99 83 -1
99 95 -1
