200
55 181 56
38 95 21
123 31 15
16 113 85
196 167 80
82 84 92
113 57 3
69 101 26
169 15 93
167 0 75
108 30 61
163 190 78
83 49 26
146 141 18
195 184 68
54 0 55
31 59 6
170 75 47
184 6 38
163 138 98
88 9 32
50 147 10
96 79 91
52 49 6
141 99 97
144 96 61
7 136 41
1 54 100
14 11 57
27 121 15
88 138 32
57 4 96
105 57 53
188 12 68
174 111 20
71 10 14
182 169 25
67 36 99
175 81 6
171 69 63
24 38 35
96 177 37
171 86 0
187 26 56
54 110 17
169 115 69
3 32 10
163 44 97
38 25 16
0 106 20
61 101 63
12 185 32
73 190 100
193 43 26
153 77 47
4 181 89
106 124 34
96 69 12
128 65 99
29 156 90
83 63 16
41 46 31
189 177 70
193 88 70
161 142 63
154 23 55
31 96 79
153 125 88
48 138 92
28 168 97
17 73 98
47 149 8
87 51 91
24 191 59
80 155 83
84 87 7
18 99 81
15 5 69
122 70 47
189 3 40
37 176 48
107 135 56
120 29 20
59 77 5
26 11 3
127 90 11
177 21 74
147 74 24
2 20 32
170 120 42
29 88 85
40 92 5
57 157 22
149 3 85
25 188 18
92 166 54
171 40 7
147 160 43
156 136 67
116 166 25
39 51 49
70 95 10
146 62 27
2 23 73
23 121 62
172 33 26
157 153 59
6 132 48
159 142 100
176 68 76
14 109 0
180 97 89
46 180 23
119 29 70
186 104 85
29 136 62
196 193 89
132 38 63
30 155 66
113 190 85
8 85 90
122 151 86
189 152 81
123 148 28
100 170 91
103 127 55
21 116 18
106 88 8
112 124 59
87 151 0
106 25 45
174 107 81
65 41 20
32 97 91
93 26 73
8 1 67
123 162 58
128 66 59
171 34 23
16 149 93
129 146 97
13 100 71
98 190 29
63 26 46
115 121 97
21 108 50
57 158 50
2 197 48
126 192 66
53 197 64
5 108 37
152 65 84
186 32 54
49 65 97
53 179 61
136 159 10
37 101 96
80 181 38
76 177 31
72 18 14
195 153 9
86 147 47
32 47 59
196 81 32
139 188 70
35 97 0
171 101 74
77 168 73
192 140 46
35 19 31
112 172 4
100 136 86
125 122 8
62 7 78
142 164 28
15 92 70
63 124 81
165 102 27
81 147 89
86 123 7
125 191 8
196 23 19
183 75 24
93 105 80
118 95 20
3 117 67
82 124 35
198 119 31
141 79 33
154 11 72
104 61 50
21 51 72
184 83 11
97 83 65
184 70 37
32 87 17
90 61 52
61 90 46
70 143 89
82 134 56
5 58 11
138 78 98
166 67 16
117 96 100
153 43 79
64 38 75
31 66 56
51 158 54
183 121 72
77 51 71
174 114 23
76 56 52
19 128 97
25 8 25
141 158 68
181 126 23
7 189 53
85 166 25
32 138 9
146 8 11
121 0 38
56 1 31
55 121 84
160 23 1
9 12 44
191 179 6
34 175 50
30 105 61
47 51 96
96 68 6
62 31 89
122 35 12
163 22 42
86 20 31
39 10 67
65 58 63
119 9 45
35 120 18
168 172 97
111 65 91
89 155 44
45 55 90
58 82 71
117 41 2
131 79 93
77 96 91
196 54 42
104 173 84
192 24 95
141 129 20
173 97 46
39 106 46
160 109 6
172 131 25
95 114 50
70 181 57
71 148 16
151 153 29
152 3 76
56 189 6
160 184 68
102 47 89
25 74 1
129 65 22
40 148 74
56 48 12
24 46 26
139 32 63
128 120 57
26 194 94
155 136 68
74 105 78
176 10 48
141 52 6
172 158 73
22 6 73
113 155 64
184 69 90
7 102 38
102 160 52
137 81 4
16 109 8
13 174 57
105 149 96
131 180 40
82 131 39
90 56 23
193 135 69
28 188 60
178 37 22
54 13 96
69 95 62
120 185 84
95 121 67
163 2 68
54 175 33
81 17 91
182 95 36
78 68 91
46 20 91
65 170 16
86 156 12
105 18 30
108 170 56
9 39 59
184 61 13
137 107 0
145 0 100
53 35 95
84 194 96
102 46 58
65 51 74
187 155 79
45 140 92
71 165 64
135 130 23
182 139 30
87 41 17
122 71 8
126 57 80
17 102 69
162 134 28
163 175 20
111 172 36
156 112 39
134 121 60
198 86 18
39 91 63
13 119 10
76 156 38
163 100 21
114 99 49
85 182 5
95 124 92
96 191 37
111 34 13
115 48 29
139 197 42
100 71 54
4 159 35
181 40 16
186 122 6
97 123 69
91 77 90
25 128 11
52 110 93
199 26 75
98 33 63
15 73 82
70 153 19
48 173 66
67 177 8
22 96 16
159 197 47
86 124 48
61 173 59
54 136 76
153 40 28
55 36 87
87 112 64
95 194 21
147 30 59
92 120 90
78 193 69
143 119 31
127 89 84
162 149 5
91 167 87
42 21 41
136 160 78
111 177 53
193 152 36
158 66 89
28 71 47
0 119 83
143 85 34
194 2 47
95 17 25
179 191 25
99 161 11
120 108 79
151 37 40
108 129 52
139 4 11
94 120 67
105 102 54
138 84 21
17 194 82
44 75 49
91 144 60
78 133 23
23 47 23
15 60 9
130 72 40
185 199 20
157 91 26
168 129 15
12 162 65
170 67 67
139 191 4
112 52 21
164 107 13
64 138 91
146 24 93
176 107 47
165 192 90
190 109 61
92 68 100
37 55 8
2 191 81
176 175 1
102 101 88
78 63 10
82 60 0
133 50 18
20 76 67
137 104 79
169 75 45
85 92 46
46 2 86
70 88 46
164 177 4
111 60 79
162 83 1
34 105 76
49 137 8
98 156 57
107 118 91
154 20 55
100 103 84
6 155 57
125 37 65
128 95 67
131 164 81
8 7 39
5 105 22
86 37 49
58 142 28
42 4 39
133 34 31
30 137 82
101 13 96
91 47 15
97 111 88
68 71 85
165 50 73
61 6 56
117 22 14
163 53 42
61 155 91
1 0 84
16 103 39
77 40 46
83 33 37
114 159 95
52 142 45
175 75 33
25 166 44
135 175 68
61 32 7
103 24 54
30 185 47
77 150 92
84 88 16
8 164 93
67 105 85
75 20 44
152 114 84
1 26 87
159 13 3
190 57 58
118 155 84
23 15 87
185 150 47
53 75 85
113 24 45
61 166 16
13 59 100
95 160 36
160 49 88
134 10 2
187 159 48
53 145 27
43 110 98
21 7 50
135 55 41
127 128 25
196 75 77
166 184 68
132 0 80
11 14 96
156 69 42
109 56 93
144 52 75
92 137 46
140 194 100
77 6 14
147 166 7
142 72 48
83 110 7
143 12 65
19 103 35
112 134 72
183 3 29
88 10 94
155 42 34
177 35 21
146 194 0
145 147 49
8 122 41
146 157 22
26 7 75
75 148 52
28 183 95
99 190 21
115 60 39
129 196 50
44 93 10
2 198 35
58 189 45
126 197 17
79 92 46
45 136 75
102 166 72
81 145 3
33 0 3
180 42 96
79 156 23
120 172 87
14 138 97
22 78 56
65 182 18
185 156 98
84 38 88
165 4 47
164 57 53
101 54 59
138 49 50
42 1 42
137 133 82
40 114 17
152 122 89
55 42 1
160 151 16
162 133 92
197 181 17
85 104 26
181 144 38
142 28 71
136 135 1
151 131 10
193 84 59
149 160 66
165 71 28
45 95 51
10 34 26
107 170 1
84 116 100
91 115 64
169 148 85
108 186 16
193 87 64
97 30 66
75 4 40
38 113 0
163 52 96
145 18 4
154 56 32
106 153 5
149 166 59
27 9 75
170 1 20
170 62 32
175 153 83
80 35 69
141 190 88
181 10 7
185 126 56
142 143 56
41 26 64
18 79 69
15 71 51
170 141 18
160 152 76
193 109 66
172 169 18
117 178 16
81 27 3
6 122 4
123 121 54
66 35 90
30 136 18
101 27 76
65 129 75
193 9 65
164 123 35
9 153 1
187 96 59
131 112 47
77 142 9
184 91 16
196 6 17
42 196 75
159 42 93
44 139 10
187 74 98
145 55 39
153 123 62
130 106 83
80 136 33
50 151 74
70 68 65
49 155 20
53 8 62
144 90 85
67 72 85
168 24 30
58 83 90
24 55 47
34 94 67
163 49 16
112 173 49
106 93 40
2 50 91
185 35 48
157 104 36
110 54 76
156 98 62
177 112 11
14 23 61
51 90 57
115 130 84
82 128 7
45 142 98
110 160 22
114 190 92
53 112 36
123 199 64
196 131 14
112 114 27
122 28 20
76 29 61
155 70 46
1 197 5
142 35 51
169 52 9
175 154 79
62 115 50
162 44 77
182 166 34
165 125 87
51 88 94
164 90 82
20 101 56
147 126 82
92 140 74
50 4 28
134 14 37
110 144 59
178 101 28
30 123 12
33 159 74
170 145 80
121 56 45
8 114 19
13 194 55
105 21 46
38 165 58
100 37 10
102 130 35
63 88 2
111 13 78
74 81 6
49 195 96
175 61 45
87 62 32
104 145 0
195 20 21
34 6 76
45 100 69
174 83 77
77 107 95
158 140 10
113 146 55
171 126 8
134 177 52
119 71 35
171 169 62
79 51 33
32 16 21
123 25 87
20 88 27
191 98 36
97 195 21
61 44 76
59 49 72
172 150 11
134 100 87
28 153 62
118 66 56
92 123 3
82 1 55
13 60 9
40 183 32
38 173 35
191 29 71
194 14 4
194 176 83
98 197 63
169 30 34
23 130 76
26 111 90
32 72 50
36 93 17
139 17 78
165 100 50
72 138 70
129 155 54
42 92 39
111 59 51
126 67 70
169 50 34
185 154 92
41 74 61
155 124 39
124 18 47
189 172 75
118 137 60
103 115 61
14 76 81
130 189 50
135 170 62
154 108 90
100 29 91
11 54 64
149 159 70
28 30 16
73 79 64
68 154 36
165 113 36
166 156 77
78 187 34
18 196 100
73 59 11
91 95 60
190 140 67
100 165 80
66 149 59
55 116 51
19 61 76
148 136 61
184 190 42
140 24 26
60 36 95
109 122 46
3 46 23
101 176 9
26 18 51
58 121 38
8 150 26
31 171 25
182 176 63
132 130 69
70 199 53
89 9 97
165 109 71
136 186 23
24 54 25
169 154 88
124 96 79
126 48 51
163 66 6
35 99 37
184 149 53
51 25 96
193 115 81
193 65 55
139 7 1
162 90 76
187 79 57
15 12 26
136 132 70
153 87 41
37 8 51
177 96 28
135 113 47
150 162 77
88 44 15
163 160 43
117 78 72
11 110 7
179 118 27
162 6 80
173 59 63
64 59 29
33 140 67
191 130 74
118 163 46
6 193 76
61 144 27
126 21 96
114 126 85
12 23 1
106 114 99
69 38 93
78 79 9
165 193 31
144 10 70
44 145 1
50 6 49
36 155 87
117 79 63
158 145 50
32 60 6
106 0 36
111 110 33
83 129 9
32 63 93
65 166 54
25 13 97
177 149 32
146 131 42
180 81 54
3 190 42
82 43 64
53 133 74
82 146 60
157 184 66
62 136 26
14 84 8
27 134 64
70 122 46
166 162 69
82 85 92
147 78 77
93 153 36
181 180 80
45 168 30
54 43 93
84 112 11
1 134 13
112 115 31
166 129 7
170 98 81
75 123 1
99 67 9
159 198 26
75 78 16
51 169 69
186 99 83
11 35 85
15 192 95
92 54 62
119 17 22
197 127 8
143 103 70
136 167 11
63 170 87
21 123 23
118 24 49
106 170 19
126 108 72
24 1 45
135 11 68
73 27 27
51 89 40
103 61 54
141 83 62
195 29 49
129 87 92
113 160 29
110 186 25
29 92 67
132 55 34
118 135 34
139 15 14
11 60 6
171 100 15
74 138 2
124 36 0
0 176 89
36 154 81
153 199 51
30 174 68
109 169 54
54 64 93
78 134 97
18 136 51
65 144 20
150 139 59
44 178 2
183 56 61
138 72 14
180 128 100
42 96 92
181 7 40
81 173 38
122 193 63
90 122 11
117 85 0
190 77 7
89 122 48
174 10 42
165 117 16
149 19 5
7 20 55
36 58 30
95 3 18
76 87 73
20 55 29
87 183 22
61 137 9
192 129 87
67 86 95
197 196 77
185 33 17
127 143 7
194 143 61
77 135 80
103 5 87
85 1 40
123 160 82
52 54 60
186 68 61
139 28 65
111 5 51
170 181 41
176 192 41
131 26 24
4 94 98
172 160 72
168 109 72
167 59 5
76 61 6
52 9 15
155 197 50
157 130 32
74 20 10
6 72 73
16 89 58
32 23 83
194 177 18
136 141 80
191 88 15
124 97 89
23 137 79
34 116 52
188 8 73
67 59 95
10 199 60
141 18 97
5 194 63
152 179 83
174 0 61
155 161 97
31 32 1
61 122 53
65 145 62
159 102 93
15 56 24
176 135 47
61 17 84
17 30 11
163 110 99
186 147 80
79 145 70
124 21 83
197 121 84
25 126 17
26 23 80
54 111 7
53 86 44
71 32 15
77 10 94
75 108 73
119 77 88
130 140 47
25 24 48
10 170 37
144 151 12
3 114 27
165 196 54
182 71 58
9 80 20
61 97 10
178 61 1
67 15 82
84 20 5
16 105 18
167 86 57
72 137 74
143 148 8
25 88 28
89 26 47
177 115 46
117 127 67
5 25 55
91 117 52
120 109 69
46 18 77
163 19 6
117 116 86
49 98 74
162 71 80
128 140 98
113 79 88
79 18 79
112 183 75
129 191 15
184 165 51
23 150 26
7 31 29
47 161 74
63 118 40
165 32 28
50 8 15
160 60 21
131 142 30
91 178 45
57 146 41
176 127 96
90 198 55
153 129 74
194 7 9
6 110 51
140 126 5
29 131 73
56 40 92
184 112 38
7 38 14
18 73 20
88 24 61
6 21 60
142 66 4
57 154 18
190 169 84
39 100 67
5 64 19
70 9 96
153 139 8
116 160 63
100 172 78
70 12 40
111 107 95
85 71 12
29 73 9
9 133 7
164 77 77
97 63 4
10 103 88
154 74 81
192 136 81
132 94 68
9 137 20
3 158 59
6 141 99
19 34 56
20 124 63
127 122 88
159 30 41
6 36 57
133 31 33
73 87 48
26 8 44
72 130 87
103 8 4
90 17 12
180 39 31
71 156 89
46 67 8
146 22 75
154 122 8
123 117 29
153 171 34
163 75 48
52 157 22
53 48 76
98 89 63
99 170 94
64 123 48
81 169 9
169 133 78
21 120 20
112 84 37
53 144 50
24 29 47
44 196 100
140 108 23
190 0 1
175 104 92
121 173 76
188 178 55
34 98 6
80 146 96
147 80 52
108 117 64
37 71 17
47 12 54
91 99 78
35 48 40
47 99 15
27 46 96
73 40 62
82 24 31
122 49 0
5 54 80
59 87 67
30 172 85
134 142 26
171 111 70
16 150 47
9 180 67
126 163 44
49 24 16
131 113 82
168 108 85
19 119 47
199 39 30
144 178 12
11 73 73
175 58 58
51 58 30
1 189 9
198 167 75
168 30 64
195 138 47
178 58 28
20 87 63
133 68 65
85 189 7
128 121 6
117 162 69
178 125 31
151 28 39
33 40 51
134 64 7
181 112 51
184 32 99
84 13 90
145 196 93
174 187 33
34 151 39
187 164 70
53 84 45
57 90 12
121 168 85
22 97 57
54 115 73
31 48 30
101 140 0
157 58 89
114 65 76
74 68 79
13 83 84
3 39 86
133 22 57
39 6 54
173 44 41
95 125 96
16 39 88
61 108 86
141 3 4
111 47 60
88 124 19
67 24 31
69 80 93
62 88 9
176 61 43
148 134 69
155 186 72
196 29 5
86 92 63
79 121 45
169 106 56
59 172 35
2 86 53
163 20 4
29 173 40
18 95 4
173 3 86
33 150 75
1 77 71
166 187 21
65 176 96
55 147 69
142 191 22
63 57 23
115 174 97
8 100 5
198 192 79
75 199 63
170 164 75
80 113 70
87 153 86
151 197 83
76 22 93
29 31 39
15 77 96
63 66 56
18 106 61
27 180 5
154 171 95
7 172 71
152 143 6
39 68 10
181 170 56
1 89 49
61 120 71
28 160 19
22 158 50
91 120 55
122 148 16
128 10 16
190 1 58
90 108 71
31 135 53
152 94 67
0 73 14
155 91 58
179 28 76
63 171 65
139 111 75
61 82 8
140 69 66
199 38 82
31 124 59
26 171 86
59 168 29
159 183 22
181 4 53
43 128 57
157 138 90
135 9 25
168 191 65
82 4 30
35 189 72
69 140 66
180 169 0
137 183 63
175 102 28
172 126 7
59 22 69
35 28 22
100 25 90
97 115 23
155 104 2
158 37 38
149 40 45
176 120 79
20 112 1
1 80 50
183 114 96
138 23 13
132 75 51
192 121 59
198 22 27
123 33 1
0 113 50
190 114 64
93 13 29
69 188 69
16 176 4
137 48 97
9 116 93
115 184 71
65 149 48
97 170 11
161 118 81
128 83 63
23 41 23
39 92 28
145 35 16
45 147 82
122 76 96
30 74 86
39 171 27
113 6 53
86 132 78
104 32 49
164 10 34
132 122 82
147 87 61
63 85 17
109 37 50
149 138 68
79 2 36
70 116 20
82 123 83
144 171 21
27 162 30
61 83 68
178 110 27
37 83 34
12 80 69
69 40 78
106 175 73
184 157 4
95 137 10
100 23 51
136 139 23
130 177 25
99 102 2
9 117 85
152 169 30
59 170 89
147 61 67
99 134 41
198 130 82
78 123 6
165 8 25
43 185 97
152 87 9
133 162 44
2 87 33
154 51 6
163 91 77
163 176 83
17 164 48
117 104 73
112 128 60
154 129 26
31 95 38
27 179 21
22 173 88
199 94 33
140 132 34
125 0 26
139 183 97
124 174 48
134 29 62
80 19 64
23 172 8
134 57 43
10 161 2
98 109 91
143 158 54
173 64 10
4 109 43
3 76 21
115 16 13
186 80 67
60 154 26
95 88 11
180 125 13
91 63 17
97 173 40
122 118 15
182 194 49
23 161 82
23 194 95
156 139 68
59 153 5
173 14 35
27 47 43
46 76 40
127 186 89
82 73 33
27 120 75
65 32 99
39 23 14
71 104 85
119 148 23
90 130 68
173 21 3
72 39 11
91 98 13
51 121 62
89 114 95
173 65 5
159 111 17
87 74 18
165 154 49
183 190 64
27 4 50
67 51 22
159 46 8
22 123 74
92 121 27
27 184 78
18 97 35
50 105 0
100 1 73
168 113 24
155 108 90
150 21 78
81 120 29
134 80 73
134 186 8
169 185 89
68 61 12
137 117 11
139 42 71
124 177 28
185 59 90
116 32 60
170 130 31
149 1 17
177 84 78
5 11 63
112 37 20
170 190 22
39 38 84
111 33 46
192 154 59
197 173 38
14 150 16
5 191 32
1 28 18
33 95 84
100 96 29
90 121 41
78 167 55
112 56 71
3 172 17
188 174 48
36 178 26
137 0 34
109 123 82
77 69 82
157 192 32
4 18 14
88 179 20
116 141 35
16 4 6
175 181 91
62 27 37
17 38 65
21 113 58
106 32 81
189 150 83
176 40 52
186 138 46
186 69 85
71 130 57
4 118 58
174 130 70
195 39 53
10 123 73
83 189 1
3 34 82
68 62 3
87 100 26
177 181 77
123 133 99
101 134 75
145 19 55
124 144 35
19 12 64
146 148 21
135 16 24
197 161 11
20 196 63
153 74 57
182 106 95
176 190 0
173 11 18
117 157 91
162 122 52
36 51 41
133 136 21
89 179 10
137 63 49
128 88 2
98 16 32
20 96 98
20 115 75
177 38 57
102 6 75
138 199 55
19 114 28
176 148 49
182 81 17
87 80 21
95 43 95
75 77 68
140 145 63
140 133 60
133 157 82
29 180 57
97 178 8
167 181 7
115 132 32
174 120 30
114 81 99
118 197 60
16 26 84
122 26 77
106 94 63
71 177 49
142 188 43
188 2 97
10 70 24
125 97 92
75 42 65
20 199 86
127 65 94
12 99 80
175 92 55
162 170 95
104 119 89
115 43 68
167 11 43
47 181 75
76 46 29
83 114 47
61 165 15
4 172 26
73 10 27
157 114 50
50 156 23
148 143 56
39 113 86
87 84 100
52 138 19
67 76 66
183 179 18
28 159 22
77 28 24
36 34 86
180 25 17
156 78 30
153 174 59
153 103 13
40 149 84
144 189 88
103 60 91
137 61 34
166 58 93
3 145 73
98 114 56
181 60 18
83 57 52
172 69 91
155 121 74
99 143 56
77 41 68
106 148 7
121 196 6
88 177 98
23 78 63
39 65 26
154 165 6
84 187 90
45 177 58
11 42 41
172 47 76
88 181 85
192 88 97
79 192 82
106 81 99
57 38 41
170 117 71
93 145 80
147 107 0
148 51 3
89 59 60
107 4 28
144 120 14
1 46 23
196 88 67
183 177 64
124 137 37
135 74 47
164 40 4
51 129 25
58 156 16
172 108 59
11 123 7
139 8 81
87 66 64
65 127 2
58 141 39
185 66 34
81 186 15
143 19 34
32 167 19
86 159 30
112 175 29
116 68 25
78 23 4
74 133 3
71 181 67
92 28 77
92 76 87
149 59 23
132 25 94
124 5 93
7 135 51
28 34 73
127 147 19
172 2 93
138 48 64
56 184 93
63 74 85
184 41 95
75 34 66
69 75 33
28 94 71
2 36 13
59 57 78
137 162 87
25 45 45
183 43 64
21 121 95
156 137 7
71 171 86
87 13 61
16 35 79
18 4 26
190 94 2
178 153 94
44 119 54
96 19 4
45 13 53
70 56 96
128 195 93
58 70 56
196 83 90
39 178 64
52 22 54
176 71 35
99 87 13
66 47 17
80 9 71
69 154 31
45 14 59
17 66 21
194 49 93
3 137 33
161 32 15
182 119 20
31 152 47
139 128 1
167 197 9
179 169 24
193 185 0
144 142 66
66 137 50
21 87 12
91 132 27
159 177 45
168 178 19
169 183 39
81 88 15
104 129 97
134 9 99
40 1 44
5 125 67
159 43 20
26 77 64
195 83 25
179 56 18
109 153 72
115 153 4
21 82 95
54 71 22
6 35 26
75 63 86
169 96 26
25 168 18
102 53 72
82 71 86
119 112 0
198 177 67
98 27 43
186 127 22
43 70 15
120 111 83
8 149 41
124 139 77
119 78 32
149 161 5
49 69 97
199 54 59
11 199 48
64 156 35
35 176 74
171 58 31
189 106 17
102 91 17
159 99 18
35 134 26
197 119 56
121 178 81
191 4 14
66 179 39
3 0 51
64 65 84
64 173 83
121 29 67
133 5 79
196 111 69
129 26 92
68 63 41
37 6 70
168 123 56
30 154 23
2 35 63
131 178 3
85 113 92
52 103 8
165 95 77
15 8 73
101 11 9
186 103 10
33 125 52
65 79 75
39 34 64
25 153 72
98 55 97
24 5 36
129 1 18
183 193 35
54 123 46
54 189 35
46 87 51
46 142 51
100 67 79
173 156 0
140 144 83
125 194 4
98 92 52
118 172 95
195 118 87
34 139 59
117 83 97
26 195 44
153 56 67
196 84 12
65 72 84
35 37 27
165 3 80
131 69 95
69 129 11
5 72 98
61 118 54
138 165 6
81 29 57
195 16 66
61 170 72
22 134 24
1 132 26
139 11 1
73 94 16
146 106 2
186 87 66
150 98 62
2 154 20
197 171 5
79 182 19
122 171 38
58 86 52
111 73 77
133 1 43
46 7 97
95 104 24
126 110 80
57 142 74
79 110 81
147 194 24
74 4 92
179 22 36
126 135 55
158 9 23
75 15 39
198 112 94
15 98 83
139 77 86
158 13 67
6 24 59
14 73 35
45 20 99
151 55 22
89 172 17
11 87 90
109 134 73
26 143 50
26 74 38
122 134 95
169 56 96
124 46 41
107 150 40
72 24 58
138 142 50
56 163 16
98 183 91
44 4 61
74 173 73
118 9 18
54 84 86
50 77 99
31 61 34
115 161 99
26 62 72
3 66 50
190 61 16
68 6 100
156 187 45
71 180 2
49 37 11
71 120 67
116 95 47
159 20 67
149 4 78
177 37 98
28 136 45
116 197 41
39 188 11
79 78 71
92 197 60
6 174 36
34 161 34
88 72 82
175 2 17
185 163 81
177 134 17
189 19 76
146 16 52
58 34 25
129 149 68
41 58 62
159 47 16
78 127 41
158 192 71
175 49 29
43 83 67
137 118 16
160 17 46
82 76 5
77 45 73
4 55 59
14 2 59
136 123 48
153 176 28
73 70 84
120 14 87
168 10 83
33 25 83
160 144 22
140 88 42
159 175 25
82 129 52
5 138 93
177 128 76
112 46 90
97 47 32
26 96 31
41 17 55
18 139 68
179 171 40
28 7 56
177 36 86
96 103 30
115 157 6
10 182 50
114 55 62
130 6 15
154 67 48
189 94 44
34 69 74
39 142 67
99 165 0
144 134 22
154 5 87
156 67 27
170 61 72
174 54 66
75 27 100
122 43 95
10 59 37
7 58 22
192 97 9
157 39 81
82 11 13
127 21 98
30 166 35
95 45 57
83 92 34
142 114 47
143 92 33
125 95 8
190 143 93
166 175 22
98 24 11
80 39 5
51 136 40
29 10 39
103 113 34
125 134 96
62 17 61
66 72 83
85 47 39
116 91 79
169 176 71
24 95 77
22 9 15
38 102 61
81 9 0
9 81 68
167 53 84
32 193 66
125 172 16
195 1 41
4 128 64
193 19 59
51 62 71
57 112 85
148 14 30
184 198 14
134 25 15
138 19 41
138 167 13
157 123 80
195 133 54
42 117 65
124 79 14
95 97 70
61 25 47
42 158 61
154 106 44
189 164 84
41 14 54
173 169 8
30 7 79
100 56 62
168 157 12
73 43 57
61 177 38
113 27 38
157 48 38
15 113 17
11 58 22
37 36 56
172 113 80
125 169 87
199 9 32
125 143 85
153 143 51
101 57 70
18 62 80
10 127 54
103 79 54
196 27 94
117 80 16
62 104 75
134 149 86
144 27 28
47 171 34
13 186 57
64 6 42
141 142 63
192 37 50
147 75 51
114 18 80
27 49 20
123 185 77
6 188 38
108 86 45
106 78 43
146 6 39
121 73 63
107 69 79
77 120 96
179 172 28
68 169 10
96 118 92
8 79 4
7 182 50
122 42 80
87 120 28
49 5 86
179 186 12
82 150 98
181 125 64
18 10 34
139 86 2
179 53 96
76 95 97
45 190 13
45 60 6
131 71 92
46 114 86
34 126 45
185 167 93
36 84 38
130 158 7
119 38 100
133 193 19
92 178 48
173 125 36
