300
0 1 0
0 2 0
0 3 0
0 4 0
0 5 0
0 6 0
0 7 0
0 8 0
0 9 0
0 10 0
0 11 0
0 12 0
0 13 0
0 14 0
0 15 0
0 16 0
0 17 0
0 18 0
0 19 0
0 20 0
0 21 0
0 22 0
0 23 0
0 24 0
0 25 0
0 26 0
0 27 0
0 28 0
0 29 0
0 30 0
0 31 0
0 32 0
0 33 0
0 34 0
0 35 0
0 36 0
0 37 0
0 38 0
0 39 0
0 40 0
0 41 0
0 42 0
0 43 0
0 44 0
0 45 0
0 46 0
0 47 0
0 48 0
0 49 0
0 50 0
0 51 0
0 52 0
0 53 0
0 54 0
0 55 0
0 56 0
0 57 0
0 58 0
0 59 0
0 60 0
0 61 0
0 62 0
0 63 0
0 64 0
0 65 0
0 66 0
0 67 0
0 68 0
0 69 0
0 70 0
0 71 0
0 72 0
0 73 0
0 74 0
0 75 0
0 76 0
0 77 0
0 78 0
0 79 0
0 80 0
0 81 0
0 82 0
0 83 0
0 84 0
0 85 0
0 86 0
0 87 0
0 88 0
0 89 0
0 90 0
0 91 0
0 92 0
0 93 0
0 94 0
0 95 0
0 96 0
0 97 0
0 98 0
0 99 0
0 100 0
0 101 0
0 102 0
0 103 0
0 104 0
0 105 0
0 106 0
0 107 0
0 108 0
0 109 0
0 110 0
0 111 0
0 112 0
0 113 0
0 114 0
0 115 0
0 116 0
0 117 0
0 118 0
0 119 0
0 120 0
0 121 0
0 122 0
0 123 0
0 124 0
0 125 0
0 126 0
0 127 0
0 128 0
0 129 0
0 130 0
0 131 0
0 132 0
0 133 0
0 134 0
0 135 0
0 136 0
0 137 0
0 138 0
0 139 0
0 140 0
0 141 0
0 142 0
0 143 0
0 144 0
0 145 0
0 146 0
0 147 0
0 148 0
0 149 0
0 150 0
0 151 0
0 152 0
0 153 0
0 154 0
0 155 0
0 156 0
0 157 0
0 158 0
0 159 0
0 160 0
0 161 0
0 162 0
0 163 0
0 164 0
0 165 0
0 166 0
0 167 0
0 168 0
0 169 0
0 170 0
0 171 0
0 172 0
0 173 0
0 174 0
0 175 0
0 176 0
0 177 0
0 178 0
0 179 0
0 180 0
0 181 0
0 182 0
0 183 0
0 184 0
0 185 0
0 186 0
0 187 0
0 188 0
0 189 0
0 190 0
0 191 0
0 192 0
0 193 0
0 194 0
0 195 0
0 196 0
0 197 0
0 198 0
0 199 0
0 200 0
0 201 0
0 202 0
0 203 0
0 204 0
0 205 0
0 206 0
0 207 0
0 208 0
0 209 0
0 210 0
0 211 0
0 212 0
0 213 0
0 214 0
0 215 0
0 216 0
0 217 0
0 218 0
0 219 0
0 220 0
0 221 0
0 222 0
0 223 0
0 224 0
0 225 0
0 226 0
0 227 0
0 228 0
0 229 0
0 230 0
0 231 0
0 232 0
0 233 0
0 234 0
0 235 0
0 236 0
0 237 0
0 238 0
0 239 0
0 240 0
0 241 0
0 242 0
0 243 0
0 244 0
0 245 0
0 246 0
0 247 0
0 248 0
0 249 0
0 250 0
0 251 0
0 252 0
0 253 0
0 254 0
0 255 0
0 256 0
0 257 0
0 258 0
0 259 0
0 260 0
0 261 0
0 262 0
0 263 0
0 264 0
0 265 0
0 266 0
0 267 0
0 268 0
0 269 0
0 270 0
0 271 0
0 272 0
0 273 0
0 274 0
0 275 0
0 276 0
0 277 0
0 278 0
0 279 0
0 280 0
0 281 0
0 282 0
0 283 0
0 284 0
0 285 0
0 286 0
0 287 0
0 288 0
0 289 0
0 290 0
0 291 0
0 292 0
0 293 0
0 294 0
0 295 0
0 296 0
0 297 0
0 298 0
0 299 0
1 16 -1
1 57 -1
1 76 -1
1 121 -1
1 126 3
1 208 -1
1 244 -1
1 250 -1
2 4 -1
2 34 1
2 112 1
2 130 1
2 196 1
3 29 3
3 40 5
3 59 1
3 100 -1
3 171 1
4 34 3
4 84 3
5 1 5
5 10 1
5 16 3
5 47 3
5 113 3
5 127 3
5 179 3
5 258 1
5 294 3
6 38 3
6 57 3
6 105 1
7 3 -1
7 16 -1
7 42 -1
7 106 -1
7 125 3
7 166 -1
7 173 -1
7 279 -1
8 53 5
8 76 3
8 171 3
8 181 3
8 199 3
9 19 -1
9 76 -1
9 87 -1
9 168 -1
9 181 -1
10 2 3
10 21 7
10 136 1
10 272 1
11 29 3
11 138 1
11 180 1
11 238 1
11 271 3
11 274 1
12 75 -1
12 76 1
12 143 1
12 234 3
12 255 -1
13 31 -1
13 98 3
13 117 1
14 39 -1
14 149 3
14 162 1
14 249 -1
15 92 1
15 119 3
15 138 3
15 163 3
15 177 3
15 187 1
15 195 5
15 213 1
16 129 1
16 169 3
16 200 1
16 229 5
17 16 1
17 23 5
17 33 1
17 35 3
17 112 1
17 128 3
17 215 5
18 14 -1
18 28 -1
18 173 -1
18 264 -1
18 269 -1
18 270 -1
19 102 3
19 157 3
19 257 1
19 281 1
20 85 1
21 68 -1
21 74 -1
21 128 -1
21 132 -1
21 133 -1
21 157 -1
21 254 -1
22 43 5
22 214 1
23 7 -1
23 18 -1
23 26 -1
23 43 -1
23 91 -1
23 101 -1
23 102 -1
23 183 -1
23 259 -1
23 297 -1
24 37 3
24 70 3
24 240 -1
24 253 1
25 48 1
25 163 3
25 197 1
25 229 7
25 242 1
25 259 5
26 59 -1
26 134 -1
26 164 -1
26 175 -1
26 207 -1
26 238 -1
26 284 -1
27 31 1
27 178 3
27 229 7
27 295 1
28 24 -1
28 198 -1
29 250 -1
29 252 -1
30 17 1
30 192 -1
30 257 1
31 9 5
31 54 3
31 70 3
31 211 1
32 5 1
32 60 1
32 123 3
32 135 1
33 29 3
33 56 3
33 133 3
33 227 -1
33 275 -1
34 26 3
34 270 1
35 85 -1
35 139 -1
35 194 -1
35 248 1
36 76 1
36 78 1
36 109 1
36 157 3
36 175 1
36 206 1
36 230 -1
36 231 -1
36 258 -1
36 260 3
37 22 -1
37 73 1
37 128 3
37 208 1
38 6 -1
38 10 -1
38 15 -1
38 123 1
38 152 3
38 169 3
38 283 3
39 71 1
39 134 3
39 145 3
39 163 3
39 168 3
39 212 3
39 216 5
39 266 1
39 292 3
40 43 -1
40 137 -1
40 174 -1
40 245 -1
41 68 3
41 226 1
41 244 1
42 44 -1
42 85 1
42 92 -1
42 283 3
43 208 -1
44 20 3
44 173 3
45 44 3
45 104 3
45 116 5
45 175 5
45 218 3
46 143 3
46 207 3
46 229 7
47 38 1
47 86 1
47 137 3
47 189 -1
47 252 1
48 137 5
48 215 7
48 284 3
49 7 5
49 181 3
49 185 9
50 68 7
50 82 5
50 296 3
51 9 -1
51 97 -1
51 102 -1
51 146 -1
51 169 -1
51 191 -1
52 24 -1
52 96 1
52 128 3
52 162 1
52 188 1
52 211 -1
52 280 1
53 68 1
53 159 -1
53 219 -1
53 238 -1
53 257 -1
54 57 1
54 222 1
54 260 3
55 61 1
55 69 3
55 108 3
55 114 3
55 237 3
56 141 -1
56 183 1
56 287 -1
57 7 3
57 58 3
57 109 1
57 115 1
57 128 3
57 151 -1
57 160 1
57 229 5
58 34 -1
58 70 -1
58 147 -1
58 220 -1
58 256 -1
58 260 1
58 281 -1
59 53 3
59 80 1
59 142 3
60 84 3
60 98 5
60 148 3
60 227 1
61 17 3
61 27 1
61 99 3
61 142 5
61 238 3
62 54 3
62 60 1
62 90 3
62 109 3
62 122 1
62 125 7
62 208 3
62 236 1
62 267 1
63 29 3
63 203 1
63 262 1
63 296 -1
64 8 1
64 70 3
64 150 1
64 157 5
65 41 3
65 61 1
65 160 3
65 175 3
65 191 5
65 251 1
65 256 3
65 264 3
66 239 -1
66 247 1
66 271 3
67 33 3
67 53 5
67 60 1
67 181 3
67 250 3
68 13 -1
68 54 -1
68 63 -1
68 94 -1
68 123 -1
69 16 1
69 116 1
70 168 1
70 287 1
71 28 3
71 102 5
71 176 -1
71 220 3
71 226 3
72 163 -1
72 168 -1
72 178 -1
72 179 -1
72 183 1
72 248 1
73 60 -1
73 151 -1
74 237 -1
75 55 1
75 104 1
75 155 3
75 217 1
75 222 3
75 275 1
76 62 -1
76 156 -1
76 162 1
76 181 1
76 186 -1
76 197 -1
76 213 -1
77 28 1
77 162 1
77 180 1
77 248 3
78 80 1
78 93 1
78 134 1
78 226 1
78 267 -1
79 13 5
79 19 5
79 106 5
79 200 5
79 215 9
79 248 7
80 46 -1
80 100 -1
80 146 3
80 197 -1
80 286 1
81 100 1
81 129 3
81 211 1
81 248 5
81 293 1
82 219 1
82 227 -1
82 250 1
83 161 1
83 219 3
83 286 3
84 138 1
84 195 3
84 230 -1
85 22 -1
85 31 -1
85 72 3
85 128 3
85 244 1
85 288 -1
86 107 1
86 162 1
86 182 3
86 201 -1
86 205 1
87 61 -1
87 162 1
87 196 1
87 245 3
87 278 1
87 299 1
88 51 7
88 59 3
88 173 3
88 193 -1
89 77 3
89 86 3
89 172 3
89 221 1
89 281 3
90 66 1
90 82 1
90 177 1
90 249 -1
91 11 -1
91 38 -1
91 110 -1
91 145 -1
91 205 -1
91 207 -1
91 212 -1
91 244 -1
91 263 -1
92 36 3
92 212 3
92 246 5
92 264 3
93 36 1
93 76 1
93 245 3
94 87 1
94 111 1
94 119 1
94 181 1
94 294 1
95 148 1
95 197 -1
95 234 3
95 249 -1
96 26 3
96 35 3
96 51 5
96 68 3
96 76 1
96 169 3
96 173 1
96 190 3
96 253 -1
97 80 -1
97 116 -1
97 123 -1
97 170 -1
97 205 -1
97 256 -1
98 173 -1
99 56 3
99 78 1
99 148 1
99 202 3
99 260 3
99 278 1
99 279 1
100 34 3
100 45 -1
100 68 5
100 122 1
100 126 7
100 215 7
100 262 3
100 286 3
100 289 3
101 84 -1
101 93 -1
101 95 -1
101 200 -1
101 256 -1
101 278 -1
101 287 -1
102 66 -1
102 219 -1
103 14 3
103 138 3
103 290 1
104 10 1
104 30 3
104 47 3
104 79 -1
104 81 1
104 87 3
104 142 5
104 215 7
105 37 3
105 74 5
105 147 3
105 151 1
106 10 -1
106 38 1
106 157 3
106 265 3
107 69 1
107 77 1
107 90 1
107 162 1
107 260 3
108 187 -1
108 281 1
109 229 5
110 9 3
110 31 -1
110 69 1
110 141 1
110 150 -1
110 254 3
111 20 1
111 115 1
111 236 -1
112 39 -1
112 195 3
112 208 1
112 247 1
112 263 1
113 41 1
113 95 1
113 188 1
113 284 1
114 8 -1
114 71 -1
114 87 1
114 186 -1
114 203 1
114 241 -1
115 43 3
115 131 3
115 226 1
116 57 1
116 196 1
116 293 -1
117 80 1
118 83 1
118 154 3
118 195 5
118 201 1
118 206 3
118 213 1
118 227 1
118 275 1
118 276 -1
118 285 3
118 295 1
118 297 5
119 30 1
119 42 1
119 85 1
120 44 -1
120 65 -1
120 165 -1
120 169 3
120 170 1
121 112 1
121 116 1
121 172 1
121 239 -1
121 297 3
122 20 3
122 99 3
122 111 3
122 150 1
123 27 -1
123 274 1
124 197 1
124 299 3
125 98 -1
125 131 -1
125 234 -1
125 243 -1
125 260 -1
126 29 -1
126 72 -1
126 195 -1
126 246 -1
126 248 -1
127 2 1
127 68 3
127 87 1
127 120 1
127 237 1
127 239 -1
127 241 -1
127 242 -1
127 243 3
127 290 -1
128 33 -1
128 41 -1
128 129 -1
128 149 1
128 167 -1
129 23 5
129 92 -1
129 100 -1
129 104 -1
129 116 1
129 124 -1
129 175 1
129 224 1
129 241 -1
129 273 1
129 282 -1
130 129 1
130 148 1
130 150 -1
131 73 -1
131 147 -1
131 149 1
131 172 -1
132 47 -1
132 113 -1
132 117 -1
133 21 3
133 73 -1
133 144 -1
133 173 -1
133 215 3
134 12 1
134 69 1
134 99 1
134 105 -1
134 139 1
134 222 1
134 261 -1
134 285 1
135 12 3
135 37 3
135 196 3
135 208 3
135 244 3
135 251 1
135 275 1
136 84 3
136 98 5
136 173 3
137 38 -1
137 113 -1
137 127 -1
137 250 -1
137 274 -1
137 292 -1
138 65 -1
138 72 3
138 141 1
138 161 -1
138 251 -1
138 261 -1
138 290 -1
139 54 1
139 116 1
139 117 1
139 168 1
139 173 1
139 213 -1
139 263 1
139 270 1
139 282 -1
139 284 1
140 287 3
141 29 3
141 132 3
141 137 3
141 216 3
142 30 -1
142 52 -1
142 69 -1
142 109 -1
142 196 -1
142 229 3
142 244 -1
143 10 -1
143 22 -1
143 23 5
143 104 -1
143 172 1
144 55 -1
144 68 3
144 173 1
144 196 1
144 256 1
145 17 1
145 111 1
145 126 5
145 161 -1
145 175 1
145 283 3
145 295 -1
146 95 -1
146 112 -1
146 281 -1
147 103 -1
147 205 1
147 256 1
147 266 -1
147 289 1
148 61 -1
148 83 -1
148 99 1
148 152 3
148 164 1
148 205 1
149 87 -1
149 115 -1
149 155 -1
149 188 -1
149 207 -1
149 222 -1
149 247 -1
149 277 -1
150 135 1
150 176 -1
150 211 1
150 264 3
150 270 3
150 271 5
150 272 1
150 285 3
150 296 1
151 25 1
151 114 3
151 135 1
151 150 1
152 99 -1
152 160 -1
152 177 -1
153 18 5
153 32 1
153 76 3
153 123 3
153 267 1
153 271 5
153 283 5
154 194 1
154 210 -1
155 12 1
155 146 3
155 180 1
155 268 -1
156 13 3
156 50 -1
156 57 3
156 100 1
156 148 3
156 273 3
157 68 1
157 143 -1
157 256 -1
157 273 -1
157 298 -1
158 42 3
158 59 3
158 105 1
158 123 3
158 201 1
158 272 1
158 293 1
159 52 1
159 75 -1
159 121 1
159 140 -1
159 173 1
159 196 1
160 38 1
160 63 1
160 136 -1
160 143 1
160 155 1
160 165 -1
160 168 1
161 166 3
161 172 3
161 207 3
161 287 3
162 19 1
162 59 1
162 73 1
162 80 1
162 107 1
162 132 3
162 185 7
162 242 -1
163 28 1
163 69 1
163 153 -1
163 263 1
163 295 -1
164 38 1
164 112 1
164 196 1
164 216 3
165 6 1
165 67 1
165 238 3
165 241 1
165 272 1
165 299 3
166 17 1
166 18 3
166 92 -1
166 111 1
166 118 -1
166 297 3
167 17 1
167 130 1
167 220 1
168 37 1
168 113 1
168 161 -1
168 171 1
169 38 -1
169 111 -1
169 115 -1
169 128 1
169 130 -1
169 173 -1
170 100 -1
170 115 1
171 24 -1
171 48 -1
171 90 1
171 120 1
171 129 1
171 138 1
172 71 -1
172 75 -1
172 76 1
172 98 3
172 138 1
172 160 1
172 174 3
172 273 1
172 275 -1
173 21 5
173 35 3
173 149 3
173 154 1
173 235 1
173 251 -1
173 271 3
173 281 1
174 3 -1
174 51 3
174 77 -1
174 154 -1
174 262 -1
174 283 1
175 41 1
175 60 -1
175 102 3
175 211 -1
175 215 5
175 234 3
176 21 9
176 46 3
176 214 3
176 217 3
177 48 -1
177 112 1
177 169 3
177 274 1
178 55 -1
178 69 1
178 263 1
179 82 1
179 104 -1
179 166 1
179 294 1
180 40 5
180 59 1
180 69 1
180 94 1
180 147 1
180 222 1
180 258 -1
181 22 -1
181 83 -1
181 106 1
181 218 -1
181 247 1
182 36 -1
182 157 1
182 202 1
183 21 3
183 29 1
183 73 -1
183 108 -1
183 139 -1
183 149 1
183 238 -1
184 71 -1
184 107 1
184 162 1
184 171 1
184 175 1
184 263 1
184 294 1
185 21 -1
185 23 -1
185 40 -1
185 51 -1
185 125 -1
185 126 -1
185 215 -1
185 229 -1
186 3 3
186 217 1
186 229 7
186 273 3
187 14 3
187 131 5
187 204 1
187 213 1
187 233 1
187 240 -1
187 264 3
188 17 1
188 98 3
188 220 1
189 22 1
189 30 3
189 185 9
189 221 1
189 227 1
189 253 1
190 11 -1
190 112 -1
190 141 -1
190 143 -1
190 162 -1
190 174 1
190 184 -1
190 203 -1
190 291 -1
191 20 -1
191 93 -1
191 120 -1
191 143 -1
191 157 1
191 180 -1
191 183 1
192 113 3
192 206 3
192 266 1
192 276 -1
193 61 3
193 91 7
193 102 7
193 154 5
193 179 5
194 3 1
194 10 -1
194 97 3
194 104 -1
194 111 1
194 117 1
194 125 5
194 155 1
195 1 1
195 16 -1
195 180 -1
196 9 3
196 34 1
196 134 1
196 135 -1
196 160 1
196 167 1
196 178 1
196 211 -1
197 1 5
197 18 5
197 33 3
197 54 3
197 104 1
197 107 3
197 121 3
197 133 5
197 233 1
197 281 3
198 31 1
198 63 3
198 92 1
198 223 -1
199 102 3
199 217 -1
199 227 -1
200 151 -1
200 209 -1
200 273 1
201 2 3
201 58 5
201 78 3
201 108 3
201 111 3
201 151 1
201 282 1
203 32 -1
203 48 -1
203 75 -1
203 164 1
204 6 1
204 30 3
204 61 1
204 70 3
204 81 1
204 111 3
204 193 -1
205 13 1
205 40 5
205 51 5
205 191 3
205 256 1
205 268 -1
206 222 1
206 246 3
206 291 1
207 47 1
207 62 -1
207 74 3
207 90 1
207 206 1
207 256 1
207 260 3
207 267 -1
208 18 3
208 52 1
208 80 1
208 84 1
208 94 1
208 183 3
208 264 1
208 289 1
209 144 3
209 152 5
209 208 3
209 228 -1
209 243 5
210 87 3
210 112 3
210 258 1
210 285 3
211 48 1
211 74 5
211 86 3
211 172 3
212 10 -1
212 56 3
212 200 1
212 226 1
212 270 1
212 295 -1
213 36 3
213 61 1
213 125 7
213 223 -1
214 17 3
214 95 3
214 133 5
214 136 1
214 158 1
214 193 -1
214 229 7
215 35 -1
215 53 -1
215 58 -1
215 149 -1
215 152 -1
215 190 -1
215 202 -1
215 216 -1
215 229 1
215 265 -1
215 271 -1
215 283 -1
216 52 -1
216 96 -1
216 121 -1
217 287 3
218 10 1
218 31 1
218 115 3
218 180 3
218 234 5
218 245 5
219 58 3
219 130 1
219 283 3
220 6 -1
220 100 -1
220 126 5
220 173 1
221 58 5
221 71 1
221 83 1
221 92 1
222 58 3
222 206 1
223 67 3
223 89 3
223 131 7
223 139 5
223 176 1
223 251 3
223 255 3
224 10 -1
224 26 3
224 43 3
224 61 -1
224 130 1
224 171 1
224 179 1
224 180 1
224 204 -1
224 227 -1
224 298 1
225 82 3
225 109 3
225 120 3
225 145 3
225 184 3
225 234 5
225 294 3
226 21 5
226 129 1
226 156 -1
226 194 1
226 241 -1
227 2 3
227 77 3
227 80 3
227 115 3
227 134 3
227 159 3
227 164 3
227 203 3
227 228 -1
227 237 3
227 241 1
227 252 3
228 18 7
228 101 7
228 135 3
228 141 5
228 220 5
228 279 5
229 1 -1
229 56 -1
229 142 -1
229 182 -1
230 3 3
230 44 1
230 178 3
230 179 3
230 224 3
231 31 1
231 91 5
231 106 3
231 157 5
231 161 1
231 166 3
231 212 3
231 214 1
231 259 5
231 270 3
232 77 5
232 124 3
232 163 5
232 182 7
232 244 5
233 163 3
234 17 -1
234 154 -1
234 171 -1
234 299 -1
235 15 -1
235 88 -1
235 96 1
235 146 3
235 196 1
235 222 1
236 91 5
236 127 3
236 128 5
236 245 5
237 15 -1
237 67 -1
237 107 1
237 158 -1
237 185 7
237 230 -1
237 239 -1
237 296 -1
238 25 -1
238 188 1
238 190 3
238 233 -1
239 48 1
239 56 5
239 85 3
239 110 3
239 167 3
239 245 5
239 277 3
240 33 5
240 211 3
240 296 3
241 188 3
242 90 3
242 147 3
242 189 1
243 1 1
243 2 -1
243 69 -1
243 90 -1
243 199 -1
243 285 -1
244 23 5
244 28 1
244 141 1
244 252 1
244 272 -1
245 69 -1
245 147 -1
245 148 -1
245 202 1
245 289 -1
246 77 -1
246 138 -1
246 247 -1
247 21 5
247 181 1
248 143 -1
248 219 -1
248 235 -1
248 286 -1
248 287 -1
248 297 1
249 51 7
249 147 3
250 11 1
250 164 1
250 172 1
250 201 -1
251 66 3
251 192 1
251 276 -1
252 40 5
252 84 1
252 157 3
252 205 1
252 271 3
252 287 1
253 34 3
253 38 3
253 66 3
253 109 3
253 119 3
253 242 1
254 18 1
254 42 -1
254 78 -1
254 107 -1
254 159 -1
254 250 -1
254 277 -1
255 51 7
255 123 3
255 146 5
255 254 5
255 264 3
256 76 1
256 96 1
256 145 1
256 190 3
256 229 5
256 253 -1
256 295 -1
257 14 1
257 17 1
257 30 1
257 155 1
257 221 -1
258 85 3
258 198 1
258 259 5
258 261 1
258 277 3
259 114 -1
259 280 -1
260 66 -1
260 117 -1
260 119 -1
260 166 -1
261 62 1
261 101 5
261 282 1
262 90 1
262 155 1
262 168 1
263 81 -1
263 104 -1
263 115 1
263 147 1
263 148 1
264 64 -1
264 152 3
264 185 7
264 230 -1
264 242 -1
265 164 -1
265 224 -1
266 12 3
266 97 5
266 102 5
266 133 5
266 192 1
266 297 5
267 66 3
267 71 1
267 78 3
267 119 3
267 126 7
267 239 1
268 25 1
268 31 1
268 137 5
268 163 3
268 167 3
268 226 3
268 232 -1
268 262 3
268 269 3
269 2 1
269 26 3
269 106 1
269 108 1
270 33 1
270 70 1
270 108 1
270 149 3
270 251 -1
271 12 -1
271 82 -1
271 110 -1
271 173 -1
271 203 -1
271 294 -1
272 1 5
272 58 5
272 82 3
272 136 1
272 223 -1
273 33 1
273 175 1
273 187 -1
273 203 1
273 204 -1
273 293 -1
274 7 3
274 112 1
274 148 1
274 206 1
274 293 -1
275 65 1
275 110 3
275 136 1
275 239 1
276 20 5
276 66 5
276 110 5
276 204 3
276 215 9
276 216 7
276 298 5
277 103 -1
277 248 3
277 261 -1
278 122 -1
278 159 1
278 267 -1
279 68 3
279 99 1
279 149 3
279 224 1
280 32 -1
280 97 3
280 200 1
280 210 -1
281 31 -1
281 99 1
281 130 1
281 171 1
281 299 1
282 129 3
282 175 3
282 182 5
283 86 -1
283 116 -1
283 226 -1
284 100 -1
284 131 3
284 132 3
284 168 1
284 186 -1
284 213 -1
285 26 3
285 222 1
285 259 3
286 28 1
286 31 -1
286 80 1
286 138 1
286 157 3
286 177 1
286 291 1
287 89 -1
287 106 1
287 257 1
288 4 1
288 67 1
288 87 3
288 175 3
288 191 5
289 11 1
289 49 -1
289 95 1
289 99 1
289 161 -1
289 162 1
289 215 5
289 237 1
289 249 -1
290 242 1
290 245 5
291 5 -1
291 7 3
291 127 1
291 214 -1
291 222 1
291 225 -1
291 245 3
292 19 1
292 38 1
292 102 3
292 158 -1
292 267 -1
293 60 1
293 69 3
293 95 3
293 96 3
293 102 5
293 166 3
293 201 1
293 256 3
293 289 3
294 7 3
294 71 -1
294 85 1
294 145 1
294 159 1
294 171 1
294 213 -1
294 237 1
295 40 7
295 53 5
295 62 1
295 68 5
295 141 3
295 170 3
295 278 3
296 49 1
296 122 1
296 279 3
297 2 -1
297 37 -1
297 139 -1
297 206 -1
298 83 -1
298 162 1
298 167 1
298 175 1
298 196 1
299 4 -1
299 92 -1
299 144 1
299 177 1
299 196 1
