600
0 1 0
0 2 0
0 3 0
0 4 0
0 5 0
0 6 0
0 7 0
0 8 0
0 9 0
0 10 0
0 11 0
0 12 0
0 13 0
0 14 0
0 15 0
0 16 0
0 17 0
0 18 0
0 19 0
0 20 0
0 21 0
0 22 0
0 23 0
0 24 0
0 25 0
0 26 0
0 27 0
0 28 0
0 29 0
0 30 0
0 31 0
0 32 0
0 33 0
0 34 0
0 35 0
0 36 0
0 37 0
0 38 0
0 39 0
0 40 0
0 41 0
0 42 0
0 43 0
0 44 0
0 45 0
0 46 0
0 47 0
0 48 0
0 49 0
0 50 0
0 51 0
0 52 0
0 53 0
0 54 0
0 55 0
0 56 0
0 57 0
0 58 0
0 59 0
0 60 0
0 61 0
0 62 0
0 63 0
0 64 0
0 65 0
0 66 0
0 67 0
0 68 0
0 69 0
0 70 0
0 71 0
0 72 0
0 73 0
0 74 0
0 75 0
0 76 0
0 77 0
0 78 0
0 79 0
0 80 0
0 81 0
0 82 0
0 83 0
0 84 0
0 85 0
0 86 0
0 87 0
0 88 0
0 89 0
0 90 0
0 91 0
0 92 0
0 93 0
0 94 0
0 95 0
0 96 0
0 97 0
0 98 0
0 99 0
0 100 0
0 101 0
0 102 0
0 103 0
0 104 0
0 105 0
0 106 0
0 107 0
0 108 0
0 109 0
0 110 0
0 111 0
0 112 0
0 113 0
0 114 0
0 115 0
0 116 0
0 117 0
0 118 0
0 119 0
0 120 0
0 121 0
0 122 0
0 123 0
0 124 0
0 125 0
0 126 0
0 127 0
0 128 0
0 129 0
0 130 0
0 131 0
0 132 0
0 133 0
0 134 0
0 135 0
0 136 0
0 137 0
0 138 0
0 139 0
0 140 0
0 141 0
0 142 0
0 143 0
0 144 0
0 145 0
0 146 0
0 147 0
0 148 0
0 149 0
0 150 0
0 151 0
0 152 0
0 153 0
0 154 0
0 155 0
0 156 0
0 157 0
0 158 0
0 159 0
0 160 0
0 161 0
0 162 0
0 163 0
0 164 0
0 165 0
0 166 0
0 167 0
0 168 0
0 169 0
0 170 0
0 171 0
0 172 0
0 173 0
0 174 0
0 175 0
0 176 0
0 177 0
0 178 0
0 179 0
0 180 0
0 181 0
0 182 0
0 183 0
0 184 0
0 185 0
0 186 0
0 187 0
0 188 0
0 189 0
0 190 0
0 191 0
0 192 0
0 193 0
0 194 0
0 195 0
0 196 0
0 197 0
0 198 0
0 199 0
0 200 0
0 201 0
0 202 0
0 203 0
0 204 0
0 205 0
0 206 0
0 207 0
0 208 0
0 209 0
0 210 0
0 211 0
0 212 0
0 213 0
0 214 0
0 215 0
0 216 0
0 217 0
0 218 0
0 219 0
0 220 0
0 221 0
0 222 0
0 223 0
0 224 0
0 225 0
0 226 0
0 227 0
0 228 0
0 229 0
0 230 0
0 231 0
0 232 0
0 233 0
0 234 0
0 235 0
0 236 0
0 237 0
0 238 0
0 239 0
0 240 0
0 241 0
0 242 0
0 243 0
0 244 0
0 245 0
0 246 0
0 247 0
0 248 0
0 249 0
0 250 0
0 251 0
0 252 0
0 253 0
0 254 0
0 255 0
0 256 0
0 257 0
0 258 0
0 259 0
0 260 0
0 261 0
0 262 0
0 263 0
0 264 0
0 265 0
0 266 0
0 267 0
0 268 0
0 269 0
0 270 0
0 271 0
0 272 0
0 273 0
0 274 0
0 275 0
0 276 0
0 277 0
0 278 0
0 279 0
0 280 0
0 281 0
0 282 0
0 283 0
0 284 0
0 285 0
0 286 0
0 287 0
0 288 0
0 289 0
0 290 0
0 291 0
0 292 0
0 293 0
0 294 0
0 295 0
0 296 0
0 297 0
0 298 0
0 299 0
0 300 0
0 301 0
0 302 0
0 303 0
0 304 0
0 305 0
0 306 0
0 307 0
0 308 0
0 309 0
0 310 0
0 311 0
0 312 0
0 313 0
0 314 0
0 315 0
0 316 0
0 317 0
0 318 0
0 319 0
0 320 0
0 321 0
0 322 0
0 323 0
0 324 0
0 325 0
0 326 0
0 327 0
0 328 0
0 329 0
0 330 0
0 331 0
0 332 0
0 333 0
0 334 0
0 335 0
0 336 0
0 337 0
0 338 0
0 339 0
0 340 0
0 341 0
0 342 0
0 343 0
0 344 0
0 345 0
0 346 0
0 347 0
0 348 0
0 349 0
0 350 0
0 351 0
0 352 0
0 353 0
0 354 0
0 355 0
0 356 0
0 357 0
0 358 0
0 359 0
0 360 0
0 361 0
0 362 0
0 363 0
0 364 0
0 365 0
0 366 0
0 367 0
0 368 0
0 369 0
0 370 0
0 371 0
0 372 0
0 373 0
0 374 0
0 375 0
0 376 0
0 377 0
0 378 0
0 379 0
0 380 0
0 381 0
0 382 0
0 383 0
0 384 0
0 385 0
0 386 0
0 387 0
0 388 0
0 389 0
0 390 0
0 391 0
0 392 0
0 393 0
0 394 0
0 395 0
0 396 0
0 397 0
0 398 0
0 399 0
0 400 0
0 401 0
0 402 0
0 403 0
0 404 0
0 405 0
0 406 0
0 407 0
0 408 0
0 409 0
0 410 0
0 411 0
0 412 0
0 413 0
0 414 0
0 415 0
0 416 0
0 417 0
0 418 0
0 419 0
0 420 0
0 421 0
0 422 0
0 423 0
0 424 0
0 425 0
0 426 0
0 427 0
0 428 0
0 429 0
0 430 0
0 431 0
0 432 0
0 433 0
0 434 0
0 435 0
0 436 0
0 437 0
0 438 0
0 439 0
0 440 0
0 441 0
0 442 0
0 443 0
0 444 0
0 445 0
0 446 0
0 447 0
0 448 0
0 449 0
0 450 0
0 451 0
0 452 0
0 453 0
0 454 0
0 455 0
0 456 0
0 457 0
0 458 0
0 459 0
0 460 0
0 461 0
0 462 0
0 463 0
0 464 0
0 465 0
0 466 0
0 467 0
0 468 0
0 469 0
0 470 0
0 471 0
0 472 0
0 473 0
0 474 0
0 475 0
0 476 0
0 477 0
0 478 0
0 479 0
0 480 0
0 481 0
0 482 0
0 483 0
0 484 0
0 485 0
0 486 0
0 487 0
0 488 0
0 489 0
0 490 0
0 491 0
0 492 0
0 493 0
0 494 0
0 495 0
0 496 0
0 497 0
0 498 0
0 499 0
0 500 0
0 501 0
0 502 0
0 503 0
0 504 0
0 505 0
0 506 0
0 507 0
0 508 0
0 509 0
0 510 0
0 511 0
0 512 0
0 513 0
0 514 0
0 515 0
0 516 0
0 517 0
0 518 0
0 519 0
0 520 0
0 521 0
0 522 0
0 523 0
0 524 0
0 525 0
0 526 0
0 527 0
0 528 0
0 529 0
0 530 0
0 531 0
0 532 0
0 533 0
0 534 0
0 535 0
0 536 0
0 537 0
0 538 0
0 539 0
0 540 0
0 541 0
0 542 0
0 543 0
0 544 0
0 545 0
0 546 0
0 547 0
0 548 0
0 549 0
0 550 0
0 551 0
0 552 0
0 553 0
0 554 0
0 555 0
0 556 0
0 557 0
0 558 0
0 559 0
0 560 0
0 561 0
0 562 0
0 563 0
0 564 0
0 565 0
0 566 0
0 567 0
0 568 0
0 569 0
0 570 0
0 571 0
0 572 0
0 573 0
0 574 0
0 575 0
0 576 0
0 577 0
0 578 0
0 579 0
0 580 0
0 581 0
0 582 0
0 583 0
0 584 0
0 585 0
0 586 0
0 587 0
0 588 0
0 589 0
0 590 0
0 591 0
0 592 0
0 593 0
0 594 0
0 595 0
0 596 0
0 597 0
0 598 0
0 599 0
1 61 1
1 112 1
1 174 -1
1 274 -1
1 282 1
1 305 -1
1 435 -1
2 225 -1
2 329 3
3 129 1
3 187 1
3 261 1
3 361 -1
3 367 -1
3 530 3
4 235 3
4 341 3
4 534 3
5 96 3
5 167 3
5 175 1
5 188 1
5 244 3
5 271 3
5 392 1
5 485 -1
5 506 1
5 507 3
5 552 1
6 130 -1
6 437 1
6 507 -1
6 532 -1
6 539 -1
6 549 -1
7 69 -1
7 75 -1
7 78 -1
7 289 -1
7 376 -1
7 408 1
7 427 -1
7 478 1
8 99 5
8 220 1
8 328 5
8 389 1
8 582 1
9 85 1
9 267 3
9 505 -1
10 90 3
10 127 7
10 301 3
10 573 5
11 141 1
11 184 -1
11 353 1
11 459 -1
11 514 1
12 79 -1
12 95 1
12 244 3
12 410 3
12 514 1
12 537 3
13 107 -1
13 142 1
13 426 1
13 594 -1
14 84 1
14 217 3
14 243 -1
14 415 -1
14 444 -1
14 560 1
14 599 1
15 121 -1
15 122 1
15 127 5
15 184 -1
15 510 3
16 342 3
16 437 7
16 439 3
17 32 3
17 131 -1
17 316 1
17 327 -1
17 384 1
17 392 -1
18 15 1
18 44 3
19 402 3
19 465 1
19 539 3
19 563 -1
20 136 1
20 151 1
20 208 3
20 374 1
20 390 1
20 420 1
20 424 5
20 440 3
21 236 1
21 239 3
21 272 5
21 453 7
21 540 1
21 553 1
22 148 -1
22 519 1
22 555 1
23 96 1
23 189 -1
23 288 -1
23 512 -1
23 521 -1
24 6 7
24 32 7
24 58 3
24 324 1
24 585 3
24 593 3
24 596 5
25 7 1
25 29 -1
25 68 -1
25 144 -1
25 167 1
25 199 -1
25 218 -1
25 333 -1
25 440 1
26 88 1
26 330 3
26 368 -1
26 379 -1
26 390 -1
26 517 1
27 60 3
27 67 -1
27 91 -1
27 131 1
27 132 1
27 455 1
27 589 3
28 18 -1
28 258 -1
28 432 -1
28 486 -1
28 514 -1
28 578 -1
29 124 1
29 254 3
29 311 1
30 281 5
30 331 3
30 570 7
31 149 -1
31 168 1
31 206 3
31 235 3
31 326 3
31 330 5
31 332 -1
31 501 3
31 509 7
32 197 -1
32 239 -1
32 354 -1
32 536 -1
32 555 -1
33 26 3
33 65 1
33 327 1
33 372 -1
33 411 1
34 172 1
34 459 -1
34 492 1
34 521 1
34 570 3
34 587 1
35 183 -1
35 330 5
35 406 1
35 409 1
35 491 -1
35 576 3
36 117 1
36 190 1
36 232 5
36 334 1
37 3 5
37 210 5
37 218 5
37 264 7
37 414 5
37 447 5
38 99 5
38 273 1
38 408 3
38 499 3
38 566 -1
39 33 3
39 57 3
39 150 7
39 160 5
39 280 5
39 478 5
39 507 5
40 41 1
40 158 3
40 204 3
41 209 5
41 479 3
41 577 1
42 50 -1
42 447 1
42 514 1
43 133 1
43 147 9
43 322 5
43 388 1
43 422 1
44 333 -1
44 371 1
44 503 -1
44 596 1
45 15 3
45 247 5
45 276 3
45 310 3
45 328 7
46 203 -1
46 207 1
46 307 1
46 451 1
46 567 -1
47 13 -1
47 88 -1
47 329 -1
47 499 -1
47 510 -1
47 576 -1
48 304 -1
48 364 3
48 393 -1
48 539 1
48 549 1
49 9 1
49 300 -1
49 342 -1
49 438 1
50 80 1
50 160 5
50 270 3
50 493 3
50 552 3
51 113 1
51 221 -1
51 281 -1
51 443 1
51 545 1
52 60 -1
52 109 -1
52 200 -1
52 235 -1
52 266 -1
52 523 -1
52 589 -1
52 596 -1
53 182 1
53 588 -1
54 20 5
54 33 5
54 39 3
55 174 1
55 222 5
55 259 3
55 492 1
55 513 5
56 31 1
56 110 1
56 174 1
56 320 3
56 506 1
57 43 1
57 119 5
57 181 1
57 522 1
57 565 1
57 589 3
58 35 1
58 68 1
58 74 5
58 369 3
59 20 -1
59 69 -1
59 120 -1
59 190 -1
59 323 -1
59 335 -1
59 394 -1
59 542 1
60 15 -1
60 151 -1
60 323 -1
60 447 -1
60 450 -1
61 109 1
61 217 1
61 360 -1
61 494 -1
62 20 1
62 23 3
62 151 1
62 416 3
62 497 3
63 9 -1
63 195 -1
63 474 -1
63 573 -1
64 1 5
64 443 5
65 49 3
65 200 3
65 236 1
66 58 3
66 122 3
66 138 3
66 206 5
66 299 3
66 360 3
66 374 3
66 455 3
66 568 5
66 589 5
67 45 1
67 285 9
68 79 -1
68 178 3
68 185 -1
68 273 1
68 449 3
69 77 1
69 133 1
69 326 3
69 364 5
69 594 1
70 162 -1
70 178 1
70 303 1
70 358 -1
70 580 -1
71 33 -1
71 100 1
71 136 -1
71 156 -1
71 425 1
71 544 -1
72 385 -1
72 428 -1
72 561 -1
73 55 -1
73 322 3
73 327 -1
73 398 -1
73 497 1
74 22 -1
74 251 -1
74 410 -1
75 66 -1
75 118 1
75 231 1
75 534 3
75 585 1
76 29 -1
76 161 3
76 203 -1
76 360 -1
76 365 -1
76 393 -1
76 514 -1
77 156 1
77 391 1
77 480 -1
77 500 1
77 540 1
78 13 3
78 96 3
78 103 -1
78 175 1
78 200 3
78 260 1
78 272 5
78 277 3
78 455 1
79 29 3
79 273 3
79 281 3
79 302 -1
79 383 3
79 493 3
80 12 3
80 143 3
80 175 3
80 429 7
80 495 1
80 585 3
81 282 7
81 291 3
81 350 5
81 469 3
81 590 7
82 22 3
82 26 3
82 186 -1
82 188 1
82 266 3
82 477 1
82 549 3
83 15 -1
83 53 1
83 87 -1
83 533 1
83 583 -1
84 114 3
84 140 3
84 144 1
84 276 1
84 292 3
84 404 1
85 35 -1
85 195 1
85 236 -1
85 267 3
85 421 -1
85 445 -1
85 483 1
85 543 -1
86 17 5
86 190 3
86 291 1
87 126 -1
88 105 1
88 193 1
88 336 3
88 472 -1
89 87 3
89 356 1
89 388 3
90 265 -1
90 347 1
90 514 1
90 542 3
91 26 5
91 152 3
91 166 1
91 354 5
91 400 7
91 504 1
92 94 3
92 161 7
92 162 3
92 569 3
93 64 1
93 205 3
93 241 3
93 451 5
93 468 7
93 573 5
94 168 1
94 246 1
94 282 3
94 303 3
94 333 1
94 411 1
95 3 1
95 83 3
95 223 3
95 275 -1
95 356 -1
95 368 1
95 374 1
95 514 1
95 553 1
96 70 1
96 187 -1
96 559 -1
96 564 -1
96 581 -1
97 5 1
97 318 1
97 453 7
98 122 -1
98 142 1
98 158 -1
98 170 -1
98 398 -1
99 17 -1
99 59 -1
99 249 -1
99 280 -1
99 528 -1
100 27 -1
100 272 3
100 355 -1
100 396 -1
100 464 -1
101 65 1
101 193 3
101 258 1
101 517 3
102 14 1
102 27 1
102 350 1
102 380 3
102 592 -1
103 9 5
103 36 3
103 73 5
103 97 3
103 186 1
103 202 1
103 330 7
103 410 5
104 58 1
104 155 3
104 157 1
104 161 5
104 450 1
104 495 -1
105 204 -1
105 234 -1
105 256 -1
105 521 -1
106 5 3
106 41 1
106 192 5
106 260 3
106 336 7
106 355 3
106 489 3
106 505 3
106 581 3
107 262 3
107 297 1
107 301 1
107 484 1
107 599 1
108 21 1
108 171 1
108 320 3
108 418 5
108 558 1
109 351 -1
110 3 1
110 106 -1
110 381 5
110 411 1
110 424 5
110 429 5
110 451 3
110 460 1
110 562 3
111 478 -1
112 157 -1
112 172 -1
112 250 -1
112 357 -1
112 413 -1
112 465 -1
112 553 -1
113 38 -1
113 46 1
113 249 1
113 271 1
113 297 -1
113 323 -1
114 145 3
114 282 1
114 450 -1
114 486 -1
115 24 -1
115 399 -1
116 11 3
116 524 7
116 591 3
117 100 3
117 109 3
117 435 1
117 468 5
117 502 1
117 504 -1
118 96 3
118 133 1
118 178 3
118 528 3
118 538 1
119 100 -1
119 343 -1
119 370 -1
119 528 -1
119 562 -1
120 48 3
120 370 3
120 470 1
120 484 1
120 503 1
120 520 7
120 525 -1
120 546 1
121 23 5
122 199 1
123 209 -1
123 384 -1
123 425 -1
124 60 3
124 279 3
124 323 1
124 361 -1
124 475 1
125 89 -1
125 123 5
125 151 1
125 219 -1
125 240 1
125 254 3
125 316 3
125 520 7
126 139 5
126 292 5
126 308 7
126 323 3
127 71 -1
127 192 -1
127 259 -1
127 307 -1
127 462 -1
128 27 3
128 177 5
128 212 1
129 79 -1
129 392 1
129 400 5
129 449 3
130 95 -1
130 101 -1
130 201 1
130 289 -1
130 315 -1
130 330 3
131 175 1
131 177 3
131 377 -1
131 472 1
131 533 3
132 64 -1
132 71 3
132 141 1
132 307 3
132 356 -1
133 60 3
133 128 -1
133 147 9
133 150 5
133 297 1
133 586 1
134 94 1
134 102 1
134 144 1
134 521 1
135 478 3
135 576 3
136 60 3
136 82 1
136 129 1
136 168 1
136 169 5
136 225 -1
136 345 1
136 366 3
136 445 1
136 450 1
137 37 -1
137 46 5
137 206 5
137 438 5
138 178 3
138 223 3
138 385 1
138 403 3
139 157 -1
139 204 -1
140 90 -1
140 138 -1
140 177 1
140 527 -1
141 56 1
141 67 -1
141 166 -1
141 195 3
141 247 3
141 440 3
141 543 1
142 323 -1
142 541 -1
142 549 1
142 567 -1
142 584 1
143 77 1
143 129 1
143 219 -1
143 551 3
144 386 1
144 464 1
144 531 3
145 371 -1
145 426 -1
145 510 -1
146 328 3
146 500 -1
146 502 -1
147 278 -1
147 285 -1
147 363 -1
147 453 -1
147 498 -1
147 509 -1
147 520 -1
148 29 1
148 39 -1
148 182 3
148 228 1
148 396 1
148 401 1
148 402 3
148 427 1
148 580 1
150 283 -1
150 511 -1
151 26 3
151 362 -1
151 545 3
152 412 -1
152 516 -1
152 523 3
153 20 1
153 39 -1
153 202 -1
153 203 1
153 211 -1
153 241 1
153 521 1
153 544 1
153 550 1
153 575 -1
154 72 1
154 173 -1
154 292 1
154 408 1
154 470 -1
155 72 1
155 115 -1
155 125 -1
155 136 -1
155 194 -1
155 408 1
155 422 -1
155 479 -1
155 593 -1
156 127 5
156 212 -1
156 489 1
156 490 5
156 520 7
157 543 1
157 566 -1
158 44 3
158 130 3
158 247 3
158 550 1
158 582 1
159 15 1
159 282 3
159 369 3
159 370 3
159 384 3
160 38 -1
160 221 -1
160 460 -1
160 463 -1
160 493 -1
161 112 -1
161 147 5
161 196 -1
161 239 -1
161 474 -1
161 519 -1
162 154 3
162 195 3
162 245 3
162 321 1
162 568 3
163 16 -1
163 83 3
163 124 1
163 159 1
163 440 3
163 470 1
163 599 1
164 8 3
164 106 1
164 239 5
164 337 3
164 343 5
164 557 -1
165 45 -1
165 51 3
165 117 1
165 280 3
165 325 1
165 337 1
166 55 3
166 210 3
166 217 5
166 265 1
166 388 3
166 534 5
167 25 1
167 288 -1
167 401 -1
167 468 3
167 596 1
168 51 3
168 255 1
168 379 1
168 406 1
168 417 1
169 213 -1
169 217 -1
169 292 -1
169 329 -1
169 458 -1
169 536 -1
170 139 3
170 241 1
170 436 1
170 577 -1
171 25 3
171 531 3
171 535 1
172 109 3
172 244 3
172 393 1
172 421 1
172 476 1
172 496 1
172 518 3
173 211 -1
173 217 3
173 543 1
173 558 1
173 586 1
174 18 1
174 264 3
174 304 1
174 313 -1
174 337 1
174 459 -1
174 560 1
175 42 1
175 382 1
175 471 3
175 497 3
176 21 1
176 144 1
176 203 1
176 495 -1
176 593 1
177 25 1
177 142 1
177 161 3
177 200 1
177 298 -1
177 414 -1
178 77 -1
178 158 -1
178 201 1
178 241 -1
178 274 -1
178 427 -1
178 441 -1
179 271 7
179 307 7
179 339 5
180 95 3
180 159 3
180 254 5
180 356 1
180 483 5
181 180 -1
181 232 5
181 280 3
181 517 3
182 295 1
182 394 -1
182 413 -1
182 481 3
183 23 5
183 281 3
183 322 7
183 544 3
184 145 7
184 291 1
184 301 3
184 359 3
184 463 3
184 580 3
185 5 3
185 116 1
185 332 1
185 337 3
186 174 3
186 222 7
186 237 3
186 343 5
186 439 3
186 458 5
187 135 1
187 286 1
187 369 3
188 244 3
188 491 -1
188 543 1
188 588 1
188 594 1
189 42 1
189 213 3
189 251 3
189 384 3
189 431 1
190 41 -1
190 90 1
190 255 1
190 326 3
190 347 1
190 376 1
191 141 1
191 225 -1
191 352 -1
191 559 1
192 59 1
192 112 1
192 161 3
192 273 -1
192 345 -1
192 544 -1
193 194 -1
193 235 1
193 247 1
193 527 -1
194 326 3
194 351 1
194 441 1
194 497 3
194 543 1
194 588 1
195 42 -1
195 210 -1
195 427 -1
195 522 -1
196 150 3
196 223 1
196 319 1
196 439 -1
197 148 -1
197 161 3
197 173 -1
197 349 -1
197 364 3
197 397 -1
197 423 -1
197 438 1
197 500 -1
198 5 3
198 235 5
198 275 1
198 412 1
199 17 3
199 512 1
199 564 1
199 574 1
199 599 1
200 221 -1
200 314 -1
200 379 -1
200 492 -1
201 207 1
201 269 -1
201 358 -1
201 416 1
201 477 -1
201 529 -1
201 537 1
202 81 -1
202 99 7
202 145 7
202 243 1
202 279 5
202 318 3
203 277 3
203 533 3
205 49 3
205 75 1
205 518 3
206 143 -1
206 297 -1
206 333 -1
207 135 -1
207 371 1
207 420 -1
207 587 -1
208 150 3
208 240 -1
208 258 -1
208 355 -1
208 375 -1
208 433 -1
208 521 -1
209 347 -1
210 19 1
210 62 1
210 103 -1
210 155 3
210 328 5
210 364 5
210 466 5
210 467 -1
210 497 3
211 277 5
211 287 1
211 560 3
211 588 3
212 13 5
212 18 3
212 287 1
212 299 3
212 413 3
212 448 3
212 551 5
213 598 1
214 257 5
214 450 1
214 466 5
215 32 5
215 171 1
215 274 1
215 368 1
215 538 1
216 30 -1
216 202 1
216 271 5
216 354 5
216 380 5
216 423 3
216 510 5
217 4 -1
217 172 -1
217 175 -1
217 510 1
218 205 1
218 261 1
218 478 3
219 90 3
219 277 5
219 376 3
220 125 1
220 196 3
220 570 3
221 53 3
221 83 3
221 460 1
221 526 3
221 537 3
221 559 1
222 44 -1
222 223 -1
222 303 -1
222 438 -1
223 357 -1
223 511 1
224 78 1
224 240 1
224 461 1
225 24 1
225 60 5
225 143 3
225 199 3
225 265 1
225 414 3
225 561 3
226 322 5
226 417 1
226 474 3
226 501 3
227 38 1
227 83 3
227 125 1
227 155 3
227 156 1
227 243 -1
227 378 1
227 529 1
227 568 3
228 16 -1
228 73 3
228 314 1
228 326 3
228 509 7
229 1 1
229 141 -1
229 182 1
229 220 -1
229 226 -1
229 310 -1
229 338 -1
229 498 5
229 513 3
230 140 3
230 376 1
230 456 -1
230 539 3
231 33 1
231 118 1
231 161 5
231 511 3
232 160 -1
232 341 -1
232 453 3
232 517 -1
232 584 -1
233 61 3
233 190 1
233 267 5
233 288 1
233 575 -1
234 154 3
234 198 -1
234 402 3
234 503 1
235 321 -1
235 343 1
236 199 1
236 202 -1
236 203 1
236 314 1
237 119 5
237 536 3
238 180 -1
238 233 1
238 536 3
238 555 3
239 36 -1
239 153 -1
239 446 -1
239 477 -1
240 145 5
240 174 1
240 311 1
240 384 3
240 448 1
240 477 1
241 71 3
241 97 1
241 128 -1
241 165 1
241 194 1
241 219 -1
241 284 1
241 290 -1
241 580 1
242 54 -1
242 161 7
242 347 3
242 461 3
242 525 1
242 554 1
242 583 3
243 84 3
243 209 5
243 387 3
243 423 3
243 468 7
244 23 1
244 95 -1
244 192 1
244 215 -1
244 223 1
244 224 -1
244 296 -1
244 360 -1
244 466 3
245 51 1
245 58 -1
245 75 -1
245 95 -1
245 148 -1
245 163 -1
245 188 -1
245 280 1
245 496 -1
246 109 3
247 84 -1
247 159 -1
247 178 1
247 193 1
247 244 1
247 428 -1
247 514 -1
247 587 -1
248 281 1
248 295 3
248 394 1
248 579 3
248 588 1
249 7 1
249 266 1
249 486 -1
249 517 1
250 46 3
250 162 1
250 517 3
251 127 3
251 131 -1
251 165 -1
251 499 1
251 521 -1
251 584 1
252 61 -1
252 263 -1
252 295 -1
252 373 1
253 93 -1
253 212 -1
253 315 1
253 480 -1
253 508 -1
254 235 1
254 346 -1
254 490 3
255 12 1
255 107 1
255 163 1
255 219 -1
255 256 1
255 303 3
255 369 3
255 469 -1
256 2 1
256 124 1
256 345 1
256 416 3
256 483 3
256 588 1
257 1 -1
257 70 -1
257 146 -1
257 178 -1
257 239 -1
257 254 -1
257 277 -1
257 531 -1
258 248 1
258 260 1
258 299 1
258 329 3
258 569 1
259 82 -1
259 170 -1
259 273 -1
260 200 3
260 337 1
260 411 1
260 473 -1
260 479 1
260 525 -1
260 560 1
260 592 -1
261 35 1
261 316 3
261 344 1
261 399 -1
261 439 1
261 457 1
261 481 5
262 226 -1
262 295 1
262 312 -1
262 347 -1
262 375 -1
262 481 3
262 585 -1
263 14 -1
263 95 -1
263 138 -1
263 237 -1
263 240 -1
263 260 -1
263 446 -1
263 448 -1
263 523 1
264 357 -1
265 3 3
265 83 5
265 163 3
265 200 5
265 241 3
265 321 3
265 353 3
265 463 3
265 548 1
266 213 1
266 276 -1
266 344 -1
266 596 1
267 60 -1
267 239 -1
267 294 -1
267 402 -1
267 430 -1
267 598 -1
268 19 -1
268 124 -1
268 402 1
268 419 -1
268 431 -1
268 507 1
268 514 -1
269 43 1
270 69 1
270 210 1
271 34 -1
271 117 -1
271 189 -1
271 307 1
271 560 -1
272 46 -1
272 76 -1
272 96 -1
272 182 -1
272 229 -1
272 279 -1
272 369 -1
272 380 -1
272 408 -1
272 551 -1
273 107 1
273 210 1
273 233 1
273 267 5
273 444 -1
273 487 1
273 501 3
273 518 3
273 535 1
274 118 1
274 220 1
274 278 7
274 290 -1
274 368 1
274 424 5
274 516 -1
274 573 3
275 12 3
275 96 5
275 107 3
275 188 3
275 211 1
275 221 3
275 241 3
275 510 5
275 537 5
276 67 -1
276 75 1
276 111 5
276 214 1
276 532 3
276 533 3
277 203 -1
277 263 1
277 344 -1
278 32 -1
278 74 -1
278 119 -1
278 145 -1
278 252 -1
278 267 -1
278 322 -1
278 336 -1
278 364 -1
278 400 -1
278 466 -1
279 13 1
279 115 -1
279 153 -1
279 204 -1
279 270 -1
279 318 -1
279 445 -1
279 506 -1
280 11 -1
280 143 -1
280 152 -1
280 257 3
280 304 -1
280 475 -1
280 489 -1
280 561 -1
281 176 1
281 277 3
281 294 3
281 342 1
281 374 1
282 19 -1
282 451 1
282 514 -1
282 583 -1
283 85 1
283 311 -1
283 323 -1
283 417 -1
284 53 3
284 193 3
285 123 -1
285 222 -1
286 110 1
286 239 3
286 245 3
286 439 1
286 549 3
287 59 5
287 187 3
287 565 3
288 70 3
288 265 -1
288 321 1
288 346 1
288 454 1
288 485 -1
288 487 1
288 556 3
289 3 1
289 12 1
289 267 5
289 317 -1
289 436 1
289 499 3
290 69 3
290 334 3
290 448 3
290 548 1
290 568 5
291 104 3
291 208 5
291 472 3
292 355 -1
292 534 1
292 540 -1
292 573 1
293 83 -1
293 139 -1
293 369 -1
293 530 -1
294 154 1
294 359 -1
294 413 -1
294 441 -1
294 479 -1
294 501 1
295 141 -1
295 169 3
295 178 1
295 221 -1
295 282 1
295 414 -1
295 455 -1
295 482 -1
295 565 -1
295 581 -1
296 92 -1
296 148 1
296 209 3
296 308 5
297 228 1
298 32 5
298 377 -1
299 92 -1
299 125 1
299 278 7
299 300 1
299 353 1
299 430 3
300 307 3
300 440 3
301 75 1
301 121 -1
301 254 3
301 267 5
301 396 1
301 402 3
302 583 5
303 97 -1
303 175 -1
303 409 -1
303 551 1
304 326 3
304 368 1
304 478 3
305 3 1
305 32 5
305 66 -1
305 116 -1
305 209 3
306 239 5
306 285 9
306 472 3
306 491 1
307 62 -1
307 228 -1
307 312 -1
307 475 -1
307 487 -1
307 585 -1
307 598 1
308 26 -1
308 405 -1
308 523 -1
309 7 3
309 116 -1
309 212 -1
309 382 1
309 448 1
310 106 -1
310 300 1
310 384 3
310 404 1
310 500 1
310 504 -1
310 529 1
311 17 3
311 152 1
311 169 5
311 424 5
311 451 3
311 471 3
312 80 -1
312 90 1
312 131 1
312 213 3
312 242 -1
312 293 5
312 335 1
313 406 3
313 431 3
313 484 3
314 43 1
314 86 -1
314 87 1
314 448 1
314 526 3
314 597 1
315 166 -1
315 247 3
315 526 3
315 597 1
316 2 -1
316 200 1
316 299 -1
316 527 -1
316 546 -1
317 146 5
317 221 3
317 268 5
317 314 3
317 476 3
318 39 -1
318 42 1
318 199 1
318 371 3
318 401 1
318 424 5
319 112 1
319 486 -1
319 523 1
319 538 -1
320 107 -1
320 229 1
320 424 3
320 437 3
320 488 -1
320 531 1
321 32 5
321 119 5
321 373 5
322 113 -1
322 208 -1
322 244 -1
322 268 -1
322 369 -1
322 416 -1
322 533 -1
322 590 -1
323 23 3
323 53 3
324 33 3
324 527 3
324 553 3
324 576 5
325 26 3
325 384 3
326 227 -1
326 457 -1
327 75 1
327 226 1
327 240 1
327 428 1
328 478 -1
328 573 -1
329 5 -1
329 7 1
329 65 -1
329 259 1
329 393 -1
329 454 -1
329 458 1
329 531 1
330 23 -1
330 63 1
330 98 -1
330 177 -1
330 371 -1
330 545 -1
331 123 7
331 474 5
331 521 3
332 321 3
332 341 5
332 349 3
332 441 3
333 47 5
333 61 3
333 240 1
333 258 1
333 291 -1
333 341 3
333 350 1
333 422 1
333 466 5
333 471 3
333 508 -1
333 541 1
334 49 3
334 132 1
334 166 -1
334 234 1
334 278 7
334 313 -1
334 353 1
334 433 1
334 459 -1
334 544 1
334 559 1
334 569 1
335 250 1
335 297 1
335 341 3
335 492 1
335 568 3
336 53 -1
336 197 -1
336 366 -1
336 483 -1
336 510 -1
336 523 -1
337 221 1
337 233 1
337 468 5
338 29 1
338 50 -1
338 118 1
338 235 3
338 259 3
338 270 1
339 211 -1
339 262 3
339 472 1
339 482 1
340 11 1
340 26 3
340 212 -1
340 315 1
340 463 1
340 545 3
341 214 -1
341 328 3
341 443 1
341 599 -1
342 181 1
342 413 1
342 466 5
343 144 -1
343 168 -1
343 246 -1
343 376 -1
344 67 -1
344 140 3
344 163 1
344 301 1
344 314 1
344 386 1
344 536 3
344 544 1
345 66 -1
345 85 3
345 189 1
345 292 3
345 294 3
346 2 1
346 122 1
346 137 -1
346 204 1
346 383 1
346 413 1
346 463 1
347 190 1
347 539 3
347 581 1
348 243 -1
348 308 5
348 495 -1
349 57 1
349 310 1
349 351 1
350 163 1
350 424 5
350 559 1
350 561 1
351 245 3
351 328 5
351 534 3
351 599 1
352 212 1
352 224 3
352 406 3
352 423 3
353 65 1
353 173 1
353 410 3
353 517 3
353 551 3
354 397 -1
354 437 3
354 497 1
355 88 3
355 217 3
355 554 -1
356 27 3
356 54 -1
356 316 5
356 318 3
356 450 3
357 53 3
357 85 3
357 109 3
357 217 3
357 407 1
357 455 1
357 564 1
358 90 1
358 176 1
358 303 3
358 376 1
359 92 -1
359 132 1
359 146 3
359 205 1
359 478 3
359 595 1
360 1 3
360 290 -1
360 346 1
360 384 3
360 441 1
360 542 3
361 91 1
361 169 7
361 181 3
361 261 3
361 288 3
361 289 3
361 408 5
361 437 7
361 443 5
361 446 3
362 32 7
362 65 3
362 97 3
362 390 3
362 447 3
362 569 3
363 99 -1
363 127 -1
363 364 -1
364 48 -1
364 51 -1
364 114 -1
364 201 -1
364 207 -1
365 47 5
365 78 1
365 138 1
365 330 5
365 387 1
365 396 1
366 327 -1
366 350 -1
366 357 -1
366 405 1
366 507 1
366 515 -1
367 179 -1
367 354 5
367 362 1
367 400 7
368 8 1
368 161 5
368 226 1
368 330 5
369 94 -1
369 102 -1
369 135 -1
369 230 -1
369 422 -1
369 558 -1
370 267 3
370 271 1
370 322 3
370 451 1
370 462 1
370 578 1
371 174 -1
371 248 -1
372 67 1
372 291 1
372 415 1
372 420 3
372 481 7
372 519 5
373 247 -1
373 501 -1
373 568 -1
374 121 -1
374 364 5
374 392 1
374 449 3
375 40 -1
375 47 5
375 89 -1
375 163 1
375 360 1
375 429 5
375 553 1
376 123 5
376 200 3
376 232 5
376 356 -1
376 377 -1
376 402 3
376 568 3
377 80 1
377 236 3
378 10 -1
378 374 1
379 34 1
379 184 -1
379 337 1
380 110 -1
380 209 1
380 260 -1
380 293 3
380 408 1
380 483 1
381 262 -1
381 319 -1
381 579 -1
382 123 5
382 210 1
382 336 5
382 366 3
382 372 -1
382 393 1
383 121 -1
383 129 1
383 204 1
383 217 3
383 250 1
384 338 -1
384 417 -1
384 419 -1
384 426 1
384 474 1
385 94 1
385 204 1
385 379 1
385 444 -1
385 524 5
386 108 1
386 152 1
386 166 -1
386 177 3
386 181 1
386 199 1
386 249 3
386 297 1
386 335 1
386 443 3
387 114 3
387 331 -1
387 342 1
387 365 1
387 377 -1
387 475 1
388 16 -1
388 107 1
388 296 1
388 387 1
388 423 1
388 572 1
389 251 3
389 313 -1
389 435 1
389 549 3
389 566 -1
390 249 3
390 287 -1
390 362 -1
391 80 -1
391 252 5
391 339 1
392 144 1
392 587 1
393 208 3
393 241 1
393 264 3
393 269 1
393 318 1
393 347 1
393 370 3
393 380 3
393 438 3
393 442 -1
393 466 5
393 554 -1
394 16 -1
394 34 1
394 147 9
394 164 -1
394 211 -1
394 424 5
394 470 1
394 585 1
395 12 1
395 112 3
395 207 3
395 223 3
395 296 1
395 351 1
395 402 3
395 467 -1
395 482 1
396 597 1
397 33 1
397 337 1
398 9 3
398 69 1
398 277 3
398 338 1
398 360 1
398 371 3
398 463 1
398 522 1
398 565 1
399 52 7
399 104 3
399 188 3
399 402 5
399 449 5
399 505 3
400 182 -1
400 513 1
400 526 -1
401 176 1
401 312 1
401 480 -1
401 502 1
402 18 -1
402 38 -1
402 218 -1
402 515 -1
402 533 1
402 560 -1
402 578 1
403 102 -1
403 108 -1
403 172 -1
404 101 1
404 324 -1
404 553 1
405 3 -1
405 88 1
405 123 3
405 437 3
405 517 1
406 34 1
406 36 1
406 573 3
407 86 -1
407 113 3
407 160 3
407 485 -1
408 154 1
408 171 -1
408 175 -1
408 205 -1
408 266 1
408 304 -1
408 347 -1
408 365 -1
408 406 -1
408 514 -1
408 526 1
408 574 -1
409 219 -1
409 309 1
409 577 -1
410 232 3
410 334 -1
410 462 1
410 463 -1
410 502 -1
411 328 5
412 55 3
412 226 3
412 248 3
412 423 3
413 345 1
413 587 1
414 7 3
414 16 -1
414 503 1
414 573 3
415 102 3
415 303 5
415 346 3
415 356 1
415 468 7
415 539 5
416 85 1
416 589 1
417 131 1
417 198 -1
417 489 1
418 26 -1
418 49 -1
418 98 -1
418 140 -1
418 206 -1
418 316 -1
418 380 -1
419 141 1
419 404 1
419 550 1
419 574 1
420 68 1
420 275 -1
420 336 5
420 439 1
420 464 1
421 432 1
421 580 1
422 34 1
422 45 -1
422 104 1
422 237 1
422 377 -1
422 484 1
422 592 -1
423 66 -1
423 207 3
423 361 -1
423 493 1
424 7 -1
424 85 -1
424 303 -1
424 320 -1
424 429 1
424 449 -1
424 528 -1
425 34 -1
425 249 1
425 570 1
426 26 1
426 117 -1
426 353 -1
427 10 -1
427 123 5
427 147 9
427 150 5
427 240 1
427 440 3
428 86 -1
428 134 1
428 137 -1
428 267 5
429 25 -1
429 326 -1
429 483 -1
429 556 -1
429 570 -1
429 578 -1
430 108 -1
430 284 -1
430 336 3
430 457 -1
430 538 -1
431 117 1
431 303 3
431 454 1
431 516 -1
432 34 1
432 35 1
432 108 1
432 125 1
432 163 1
432 307 3
432 431 1
432 505 1
432 561 1
432 564 1
433 294 3
433 542 3
434 86 -1
434 275 -1
434 305 -1
434 355 -1
434 443 -1
435 25 3
435 53 3
435 394 1
435 484 1
436 8 1
436 33 1
436 192 3
436 220 1
436 338 1
436 361 -1
436 417 1
437 142 -1
437 150 1
437 245 -1
437 471 -1
438 207 1
438 339 -1
438 417 -1
439 154 3
439 529 1
439 587 1
440 46 1
440 145 3
440 233 -1
440 396 -1
441 228 1
441 250 1
441 508 -1
442 181 3
442 194 3
442 415 1
442 462 5
442 477 3
442 521 3
443 32 3
443 135 -1
443 176 -1
443 403 1
443 424 3
443 426 1
444 16 1
444 124 3
444 471 5
445 75 1
445 148 1
445 293 5
445 366 3
445 541 1
446 219 -1
446 251 3
446 326 3
446 349 1
446 417 1
446 433 1
446 547 -1
447 124 1
447 209 3
447 212 -1
447 406 1
447 474 3
448 20 1
448 61 3
448 200 3
448 239 3
448 316 3
448 319 3
448 415 -1
449 142 1
449 201 1
449 226 -1
449 320 1
449 365 -1
449 403 1
449 416 1
450 26 3
450 84 1
450 351 1
450 399 -1
450 405 3
450 504 -1
451 268 1
451 462 1
451 520 5
451 532 1
452 77 3
452 88 5
452 154 5
452 227 3
452 245 5
452 425 5
453 52 -1
453 150 -1
453 161 -1
453 308 -1
453 373 -1
453 437 -1
453 468 -1
453 513 -1
453 524 -1
454 70 3
454 221 1
454 265 -1
454 397 1
455 278 7
455 285 7
455 319 3
455 435 1
455 563 -1
456 50 1
456 106 1
456 514 3
456 539 5
456 592 1
457 18 1
457 57 1
457 73 3
457 207 3
458 69 -1
458 104 -1
458 150 3
458 172 -1
458 261 -1
458 424 3
459 475 3
459 550 3
459 570 5
460 26 3
460 31 1
460 342 1
461 95 1
461 343 3
461 549 3
461 550 1
462 33 -1
462 129 -1
462 330 3
462 417 -1
462 439 -1
462 457 -1
463 57 1
463 299 1
463 366 3
463 529 1
463 542 3
464 5 1
464 57 1
464 330 5
464 465 1
465 139 3
465 148 1
465 205 1
465 266 3
465 306 -1
465 342 1
466 72 -1
466 208 -1
466 262 -1
466 282 -1
466 425 -1
466 474 -1
467 119 7
467 304 3
467 310 3
467 340 3
467 347 3
467 436 3
467 486 3
468 73 -1
468 105 -1
468 155 -1
468 403 -1
468 518 -1
469 10 1
469 297 3
469 339 3
470 141 1
470 158 1
470 171 1
470 263 3
470 301 1
470 314 1
470 346 1
470 401 1
470 597 1
471 83 1
471 143 -1
471 163 -1
471 165 -1
471 338 -1
471 348 -1
472 78 1
472 108 1
472 157 1
472 234 1
472 323 1
472 488 1
472 519 3
473 122 3
473 379 3
473 430 5
473 535 3
474 55 -1
474 129 -1
474 191 -1
474 222 3
474 309 -1
474 570 1
475 244 3
475 249 3
475 250 1
475 376 1
475 401 1
475 405 3
475 446 1
475 522 1
475 540 1
475 555 3
476 124 1
476 148 1
476 446 1
477 18 1
477 253 1
477 373 5
478 26 1
478 187 -1
478 248 -1
478 286 -1
478 363 5
478 545 1
479 216 -1
479 228 1
479 252 5
479 492 1
479 493 1
480 65 3
480 131 3
480 222 7
480 257 7
480 271 5
480 273 3
480 342 3
481 154 -1
481 193 -1
481 271 -1
481 534 -1
482 48 3
482 160 3
482 229 3
482 306 -1
482 462 3
483 32 3
483 42 -1
483 134 -1
483 513 3
483 561 -1
483 581 -1
484 593 1
485 166 1
486 379 1
486 407 1
486 465 1
487 34 1
488 25 3
488 97 1
488 428 1
488 446 1
489 171 1
489 202 -1
489 204 1
489 218 1
489 223 3
489 328 5
489 377 -1
489 415 -1
489 573 3
490 147 5
490 201 -1
490 440 -1
490 497 -1
490 501 -1
491 119 7
491 157 3
491 317 1
491 321 3
491 367 1
491 380 5
491 503 3
491 528 5
491 579 5
492 129 1
492 203 1
492 246 1
492 273 1
492 353 1
492 413 1
493 129 1
493 138 1
493 144 1
493 188 1
493 362 -1
493 467 -1
493 470 1
493 573 3
494 103 -1
494 120 1
494 182 3
494 588 1
495 216 1
495 277 5
495 380 5
496 376 1
496 592 -1
497 117 -1
497 146 1
497 309 -1
497 340 -1
497 407 -1
497 593 -1
497 595 -1
498 6 -1
498 63 -1
498 111 -1
498 169 -1
498 257 -1
498 330 -1
498 429 -1
498 490 -1
499 108 -1
499 114 1
499 208 1
499 497 1
499 559 -1
500 29 1
500 271 3
500 416 3
500 426 3
501 115 -1
501 396 -1
501 425 1
502 8 1
502 161 5
502 326 3
502 345 1
502 429 5
503 257 5
503 270 1
503 304 1
503 350 1
503 401 1
503 504 -1
503 596 3
504 20 3
504 158 3
504 245 5
504 320 5
504 418 7
504 442 1
504 513 7
505 386 1
505 544 1
506 110 1
506 139 3
506 144 1
506 195 3
506 297 1
506 316 3
506 385 1
506 496 1
507 132 -1
507 133 -1
507 173 -1
507 255 -1
507 323 -1
507 470 -1
507 478 1
508 114 5
508 247 5
508 480 1
509 47 -1
509 232 -1
509 272 -1
509 381 -1
509 418 -1
509 424 -1
509 481 -1
510 170 -1
510 177 1
510 260 -1
510 327 -1
510 388 -1
510 416 1
510 458 1
510 479 -1
511 4 -1
511 301 -1
511 303 1
511 416 1
511 478 1
512 424 5
512 492 1
513 537 -1
514 3 1
514 202 -1
514 507 3
515 14 1
515 89 -1
515 90 1
515 105 3
515 154 3
515 210 1
515 259 3
515 265 -1
515 390 1
515 438 3
515 453 7
515 581 1
516 1 5
516 27 3
516 99 7
516 534 5
517 13 1
517 62 -1
517 98 1
518 383 -1
518 414 -1
518 451 1
519 58 -1
519 237 -1
519 238 -1
519 295 1
519 299 -1
519 482 -1
519 591 -1
520 293 -1
520 328 -1
521 157 1
521 427 1
521 583 1
521 594 1
522 99 5
522 182 3
522 208 3
522 231 1
522 242 -1
522 273 1
522 276 1
522 495 -1
522 586 1
523 95 -1
523 240 -1
523 289 -1
523 354 1
523 484 -1
523 501 1
523 512 -1
523 550 -1
523 552 -1
524 167 -1
524 264 -1
524 443 -1
524 451 -1
524 542 -1
525 117 3
525 486 3
525 517 5
526 105 1
526 267 3
526 425 1
527 22 3
527 115 1
527 145 5
527 194 1
527 467 -1
527 505 1
528 115 -1
528 304 -1
528 321 -1
528 461 -1
528 567 -1
528 589 1
529 20 1
529 162 1
529 193 3
529 207 3
529 425 3
530 168 -1
530 311 -1
530 391 -1
531 46 1
531 59 1
531 153 -1
531 383 -1
531 526 1
532 8 -1
532 49 1
532 231 -1
532 314 -1
532 333 -1
532 363 5
533 378 -1
533 481 3
533 489 -1
533 494 -1
534 43 -1
534 98 1
534 181 -1
534 349 -1
534 513 3
534 533 1
534 582 -1
535 53 3
535 286 1
535 566 -1
536 146 1
536 366 1
536 390 -1
536 395 -1
536 404 -1
536 436 -1
536 551 1
537 42 -1
537 263 1
537 382 -1
538 87 1
538 454 1
538 462 3
538 472 1
538 491 -1
538 551 3
538 554 -1
538 556 3
539 7 1
539 33 -1
539 61 1
539 99 3
539 118 -1
539 133 -1
539 446 -1
539 475 -1
539 498 5
539 597 -1
540 105 3
540 141 1
540 229 3
540 249 3
540 294 3
540 495 -1
540 584 3
541 3 1
541 32 5
541 195 3
542 503 -1
542 539 1
542 569 -1
543 56 1
543 181 1
543 185 -1
543 320 3
543 357 1
543 373 5
543 376 1
543 486 1
544 5 1
544 29 1
544 123 5
544 136 1
544 206 3
544 310 1
544 365 1
545 253 -1
545 374 -1
545 544 -1
546 96 3
546 369 3
546 379 1
546 471 3
547 133 3
547 297 3
548 11 3
548 85 5
548 138 3
548 219 1
549 21 -1
549 57 -1
549 545 1
550 40 -1
550 45 -1
550 187 1
550 352 -1
550 441 1
550 445 1
550 482 1
551 113 1
551 152 -1
551 169 3
551 404 -1
552 3 1
552 90 1
552 186 -1
552 225 -1
552 288 1
552 323 1
552 388 1
552 589 3
553 127 5
553 347 1
553 354 3
553 359 1
554 72 5
554 125 3
555 537 1
555 560 -1
556 96 1
556 110 -1
556 222 3
556 397 -1
556 433 -1
556 487 -1
556 550 -1
557 163 5
557 281 5
557 350 5
557 441 5
557 522 5
557 556 7
558 40 -1
558 94 1
558 192 3
558 209 3
558 323 1
558 548 -1
559 39 -1
559 121 -1
559 460 1
559 511 3
559 572 1
560 3 1
560 285 7
560 311 1
560 514 1
561 60 3
562 43 -1
562 205 -1
562 330 3
563 560 3
564 5 1
564 74 5
564 188 1
564 231 1
564 388 1
564 420 1
564 562 3
565 473 -1
566 236 3
566 295 5
566 319 5
566 355 3
566 440 5
566 517 5
567 84 1
567 116 -1
567 315 1
567 342 1
568 188 -1
568 196 1
568 305 -1
568 337 -1
568 413 -1
568 586 -1
569 127 5
569 186 -1
569 236 1
569 364 5
569 377 -1
569 420 1
570 23 1
570 192 1
570 325 -1
570 424 3
570 572 -1
570 598 1
571 3 -1
571 129 -1
571 299 -1
571 300 -1
571 438 -1
572 73 3
572 141 1
572 309 1
572 509 7
573 172 -1
573 371 1
573 383 -1
573 387 -1
574 57 1
574 123 5
574 221 1
575 47 7
575 92 1
575 111 7
575 338 3
575 352 1
575 353 3
575 383 3
575 439 3
575 473 1
575 543 3
575 598 5
576 71 1
576 195 1
576 307 1
576 451 1
577 96 5
577 112 5
577 338 3
577 411 3
577 414 3
577 530 5
577 583 3
578 43 -1
578 161 3
578 261 -1
578 312 -1
578 387 -1
578 394 -1
578 409 -1
578 420 -1
578 526 1
579 9 1
579 31 -1
579 48 1
579 223 1
579 386 -1
579 406 -1
579 432 -1
579 471 1
579 472 -1
579 546 -1
579 550 -1
580 189 1
580 232 5
580 332 -1
580 380 3
580 452 -1
580 453 7
580 587 1
581 188 1
581 227 1
581 330 5
582 198 -1
582 379 1
582 436 1
583 8 1
583 285 7
583 394 1
583 437 5
584 228 -1
584 411 -1
585 20 1
585 308 5
585 484 1
585 528 3
586 46 3
586 99 5
586 154 3
586 168 1
586 429 5
586 516 -1
586 519 3
587 3 1
587 32 5
587 73 3
587 163 1
587 190 1
587 265 -1
587 361 -1
587 411 1
588 16 -1
588 22 3
588 122 1
588 228 1
588 362 -1
589 49 1
589 237 -1
589 280 1
589 489 -1
590 12 -1
590 17 1
590 432 -1
590 551 1
590 565 -1
591 136 1
591 191 1
591 230 1
591 287 -1
591 482 1
591 485 -1
592 33 3
592 363 9
592 566 1
593 57 1
593 140 3
593 213 3
593 264 3
593 304 1
593 375 1
593 463 1
593 522 1
593 543 1
594 175 1
594 383 1
595 8 1
595 164 -1
595 279 3
595 361 -1
595 452 -1
595 498 7
595 514 1
595 541 1
596 74 3
596 476 -1
596 487 -1
596 510 1
596 514 -1
597 86 -1
597 97 1
597 141 1
597 218 1
597 343 3
598 25 1
598 56 -1
598 84 -1
598 351 -1
598 389 -1
598 505 -1
598 535 -1
599 68 1
599 103 -1
599 142 3
599 499 3
