20
0 1 0
0 2 0
0 3 0
0 4 0
0 5 0
0 6 0
0 7 0
0 8 0
0 9 0
0 10 0
0 11 0
0 12 0
0 13 0
0 14 0
0 15 0
0 16 0
0 17 0
0 18 0
0 19 0
13 10 2
4 7 2
1 5 3
3 12 2
17 11 4
1 19 -1
3 8 0
3 16 1
11 2 0
7 15 1
1 10 0
1 17 2
10 17 1
19 8 3
18 14 2
14 15 1
18 10 2
14 4 1
5 6 3
6 4 2
4 6 2
1 9 -1
15 6 3
14 17 3
8 2 0
2 17 2
19 18 3
16 8 2
14 5 1
2 19 1
18 2 -1
3 11 0
15 12 2
17 9 2
2 7 2
8 14 3
16 15 -1
2 16 2
19 7 2
9 12 1
14 13 0
8 12 1
19 12 -1
6 14 2
13 18 3
16 2 1
19 17 0
1 11 1
15 9 2
3 1 1
1 4 -1
10 9 2
5 2 2
14 9 -1
19 13 1
11 15 -1
5 15 0
2 11 3
3 5 1
17 13 2
15 3 4
5 13 2
3 4 -1
16 17 3
7 3 2
1 15 0
4 3 4
5 1 2