700
0 1 0
0 2 0
0 3 0
0 4 0
0 5 0
0 6 0
0 7 0
0 8 0
0 9 0
0 10 0
0 11 0
0 12 0
0 13 0
0 14 0
0 15 0
0 16 0
0 17 0
0 18 0
0 19 0
0 20 0
0 21 0
0 22 0
0 23 0
0 24 0
0 25 0
0 26 0
0 27 0
0 28 0
0 29 0
0 30 0
0 31 0
0 32 0
0 33 0
0 34 0
0 35 0
0 36 0
0 37 0
0 38 0
0 39 0
0 40 0
0 41 0
0 42 0
0 43 0
0 44 0
0 45 0
0 46 0
0 47 0
0 48 0
0 49 0
0 50 0
0 51 0
0 52 0
0 53 0
0 54 0
0 55 0
0 56 0
0 57 0
0 58 0
0 59 0
0 60 0
0 61 0
0 62 0
0 63 0
0 64 0
0 65 0
0 66 0
0 67 0
0 68 0
0 69 0
0 70 0
0 71 0
0 72 0
0 73 0
0 74 0
0 75 0
0 76 0
0 77 0
0 78 0
0 79 0
0 80 0
0 81 0
0 82 0
0 83 0
0 84 0
0 85 0
0 86 0
0 87 0
0 88 0
0 89 0
0 90 0
0 91 0
0 92 0
0 93 0
0 94 0
0 95 0
0 96 0
0 97 0
0 98 0
0 99 0
0 100 0
0 101 0
0 102 0
0 103 0
0 104 0
0 105 0
0 106 0
0 107 0
0 108 0
0 109 0
0 110 0
0 111 0
0 112 0
0 113 0
0 114 0
0 115 0
0 116 0
0 117 0
0 118 0
0 119 0
0 120 0
0 121 0
0 122 0
0 123 0
0 124 0
0 125 0
0 126 0
0 127 0
0 128 0
0 129 0
0 130 0
0 131 0
0 132 0
0 133 0
0 134 0
0 135 0
0 136 0
0 137 0
0 138 0
0 139 0
0 140 0
0 141 0
0 142 0
0 143 0
0 144 0
0 145 0
0 146 0
0 147 0
0 148 0
0 149 0
0 150 0
0 151 0
0 152 0
0 153 0
0 154 0
0 155 0
0 156 0
0 157 0
0 158 0
0 159 0
0 160 0
0 161 0
0 162 0
0 163 0
0 164 0
0 165 0
0 166 0
0 167 0
0 168 0
0 169 0
0 170 0
0 171 0
0 172 0
0 173 0
0 174 0
0 175 0
0 176 0
0 177 0
0 178 0
0 179 0
0 180 0
0 181 0
0 182 0
0 183 0
0 184 0
0 185 0
0 186 0
0 187 0
0 188 0
0 189 0
0 190 0
0 191 0
0 192 0
0 193 0
0 194 0
0 195 0
0 196 0
0 197 0
0 198 0
0 199 0
0 200 0
0 201 0
0 202 0
0 203 0
0 204 0
0 205 0
0 206 0
0 207 0
0 208 0
0 209 0
0 210 0
0 211 0
0 212 0
0 213 0
0 214 0
0 215 0
0 216 0
0 217 0
0 218 0
0 219 0
0 220 0
0 221 0
0 222 0
0 223 0
0 224 0
0 225 0
0 226 0
0 227 0
0 228 0
0 229 0
0 230 0
0 231 0
0 232 0
0 233 0
0 234 0
0 235 0
0 236 0
0 237 0
0 238 0
0 239 0
0 240 0
0 241 0
0 242 0
0 243 0
0 244 0
0 245 0
0 246 0
0 247 0
0 248 0
0 249 0
0 250 0
0 251 0
0 252 0
0 253 0
0 254 0
0 255 0
0 256 0
0 257 0
0 258 0
0 259 0
0 260 0
0 261 0
0 262 0
0 263 0
0 264 0
0 265 0
0 266 0
0 267 0
0 268 0
0 269 0
0 270 0
0 271 0
0 272 0
0 273 0
0 274 0
0 275 0
0 276 0
0 277 0
0 278 0
0 279 0
0 280 0
0 281 0
0 282 0
0 283 0
0 284 0
0 285 0
0 286 0
0 287 0
0 288 0
0 289 0
0 290 0
0 291 0
0 292 0
0 293 0
0 294 0
0 295 0
0 296 0
0 297 0
0 298 0
0 299 0
0 300 0
0 301 0
0 302 0
0 303 0
0 304 0
0 305 0
0 306 0
0 307 0
0 308 0
0 309 0
0 310 0
0 311 0
0 312 0
0 313 0
0 314 0
0 315 0
0 316 0
0 317 0
0 318 0
0 319 0
0 320 0
0 321 0
0 322 0
0 323 0
0 324 0
0 325 0
0 326 0
0 327 0
0 328 0
0 329 0
0 330 0
0 331 0
0 332 0
0 333 0
0 334 0
0 335 0
0 336 0
0 337 0
0 338 0
0 339 0
0 340 0
0 341 0
0 342 0
0 343 0
0 344 0
0 345 0
0 346 0
0 347 0
0 348 0
0 349 0
0 350 0
0 351 0
0 352 0
0 353 0
0 354 0
0 355 0
0 356 0
0 357 0
0 358 0
0 359 0
0 360 0
0 361 0
0 362 0
0 363 0
0 364 0
0 365 0
0 366 0
0 367 0
0 368 0
0 369 0
0 370 0
0 371 0
0 372 0
0 373 0
0 374 0
0 375 0
0 376 0
0 377 0
0 378 0
0 379 0
0 380 0
0 381 0
0 382 0
0 383 0
0 384 0
0 385 0
0 386 0
0 387 0
0 388 0
0 389 0
0 390 0
0 391 0
0 392 0
0 393 0
0 394 0
0 395 0
0 396 0
0 397 0
0 398 0
0 399 0
0 400 0
0 401 0
0 402 0
0 403 0
0 404 0
0 405 0
0 406 0
0 407 0
0 408 0
0 409 0
0 410 0
0 411 0
0 412 0
0 413 0
0 414 0
0 415 0
0 416 0
0 417 0
0 418 0
0 419 0
0 420 0
0 421 0
0 422 0
0 423 0
0 424 0
0 425 0
0 426 0
0 427 0
0 428 0
0 429 0
0 430 0
0 431 0
0 432 0
0 433 0
0 434 0
0 435 0
0 436 0
0 437 0
0 438 0
0 439 0
0 440 0
0 441 0
0 442 0
0 443 0
0 444 0
0 445 0
0 446 0
0 447 0
0 448 0
0 449 0
0 450 0
0 451 0
0 452 0
0 453 0
0 454 0
0 455 0
0 456 0
0 457 0
0 458 0
0 459 0
0 460 0
0 461 0
0 462 0
0 463 0
0 464 0
0 465 0
0 466 0
0 467 0
0 468 0
0 469 0
0 470 0
0 471 0
0 472 0
0 473 0
0 474 0
0 475 0
0 476 0
0 477 0
0 478 0
0 479 0
0 480 0
0 481 0
0 482 0
0 483 0
0 484 0
0 485 0
0 486 0
0 487 0
0 488 0
0 489 0
0 490 0
0 491 0
0 492 0
0 493 0
0 494 0
0 495 0
0 496 0
0 497 0
0 498 0
0 499 0
0 500 0
0 501 0
0 502 0
0 503 0
0 504 0
0 505 0
0 506 0
0 507 0
0 508 0
0 509 0
0 510 0
0 511 0
0 512 0
0 513 0
0 514 0
0 515 0
0 516 0
0 517 0
0 518 0
0 519 0
0 520 0
0 521 0
0 522 0
0 523 0
0 524 0
0 525 0
0 526 0
0 527 0
0 528 0
0 529 0
0 530 0
0 531 0
0 532 0
0 533 0
0 534 0
0 535 0
0 536 0
0 537 0
0 538 0
0 539 0
0 540 0
0 541 0
0 542 0
0 543 0
0 544 0
0 545 0
0 546 0
0 547 0
0 548 0
0 549 0
0 550 0
0 551 0
0 552 0
0 553 0
0 554 0
0 555 0
0 556 0
0 557 0
0 558 0
0 559 0
0 560 0
0 561 0
0 562 0
0 563 0
0 564 0
0 565 0
0 566 0
0 567 0
0 568 0
0 569 0
0 570 0
0 571 0
0 572 0
0 573 0
0 574 0
0 575 0
0 576 0
0 577 0
0 578 0
0 579 0
0 580 0
0 581 0
0 582 0
0 583 0
0 584 0
0 585 0
0 586 0
0 587 0
0 588 0
0 589 0
0 590 0
0 591 0
0 592 0
0 593 0
0 594 0
0 595 0
0 596 0
0 597 0
0 598 0
0 599 0
0 600 0
0 601 0
0 602 0
0 603 0
0 604 0
0 605 0
0 606 0
0 607 0
0 608 0
0 609 0
0 610 0
0 611 0
0 612 0
0 613 0
0 614 0
0 615 0
0 616 0
0 617 0
0 618 0
0 619 0
0 620 0
0 621 0
0 622 0
0 623 0
0 624 0
0 625 0
0 626 0
0 627 0
0 628 0
0 629 0
0 630 0
0 631 0
0 632 0
0 633 0
0 634 0
0 635 0
0 636 0
0 637 0
0 638 0
0 639 0
0 640 0
0 641 0
0 642 0
0 643 0
0 644 0
0 645 0
0 646 0
0 647 0
0 648 0
0 649 0
0 650 0
0 651 0
0 652 0
0 653 0
0 654 0
0 655 0
0 656 0
0 657 0
0 658 0
0 659 0
0 660 0
0 661 0
0 662 0
0 663 0
0 664 0
0 665 0
0 666 0
0 667 0
0 668 0
0 669 0
0 670 0
0 671 0
0 672 0
0 673 0
0 674 0
0 675 0
0 676 0
0 677 0
0 678 0
0 679 0
0 680 0
0 681 0
0 682 0
0 683 0
0 684 0
0 685 0
0 686 0
0 687 0
0 688 0
0 689 0
0 690 0
0 691 0
0 692 0
0 693 0
0 694 0
0 695 0
0 696 0
0 697 0
0 698 0
0 699 0
1 21 -1
1 99 1
1 160 1
1 275 1
1 330 3
1 342 1
1 455 1
1 534 -1
1 547 1
1 626 3
2 8 1
2 49 -1
2 75 -1
2 104 1
2 141 -1
2 355 1
2 452 1
2 464 3
2 520 1
2 594 1
2 605 1
2 626 3
2 660 1
2 690 1
3 51 1
3 154 1
3 198 -1
3 301 1
3 438 1
3 474 1
3 566 -1
3 616 1
3 626 3
3 631 1
4 74 -1
4 128 1
4 200 1
4 265 3
4 318 1
4 396 -1
4 398 1
4 402 1
4 447 3
4 518 -1
4 652 3
4 654 3
5 162 1
5 171 -1
5 202 -1
5 282 -1
5 357 1
5 372 -1
5 389 1
5 473 1
5 492 1
5 592 -1
5 637 1
5 693 1
6 40 -1
6 143 1
6 245 1
6 441 -1
6 449 1
6 508 1
6 542 3
6 651 1
7 14 3
7 26 3
7 44 3
7 56 1
7 115 5
7 139 3
7 197 3
7 230 3
7 338 3
7 439 3
7 453 3
7 454 3
7 588 3
8 70 3
8 171 -1
8 190 3
8 208 1
8 217 3
8 243 1
8 266 1
8 449 1
8 565 -1
8 571 1
8 601 1
8 621 -1
8 644 1
8 673 3
8 699 1
9 54 -1
9 113 -1
9 151 1
9 153 1
9 287 1
9 462 1
9 527 1
9 563 -1
9 656 1
10 55 1
10 193 -1
10 232 5
10 437 1
10 486 1
10 495 -1
10 496 3
10 512 1
10 649 1
10 699 1
11 93 -1
11 320 -1
11 378 -1
11 399 1
11 581 1
12 43 1
12 76 1
12 200 1
12 242 1
12 323 1
12 329 1
12 335 1
12 360 1
12 566 -1
12 678 1
13 59 1
13 87 1
13 249 1
13 315 -1
13 435 3
13 505 3
13 542 3
13 554 -1
14 453 1
14 637 1
15 10 1
15 133 3
15 168 1
15 208 1
15 274 1
15 294 1
15 311 1
15 336 -1
15 381 1
15 453 1
15 464 3
15 507 1
15 667 1
15 685 3
16 70 -1
16 158 -1
16 204 -1
16 209 -1
16 210 -1
16 251 -1
16 435 -1
16 447 -1
16 490 -1
16 524 -1
16 536 -1
16 625 -1
16 643 -1
16 652 -1
17 168 1
17 217 3
17 225 1
17 255 -1
17 428 1
18 120 -1
18 227 1
18 423 1
18 594 1
19 98 1
19 118 1
19 134 -1
19 222 1
19 237 1
19 326 -1
19 357 1
19 375 1
19 457 1
19 476 -1
19 504 -1
19 618 1
19 626 3
19 645 1
20 193 1
20 303 3
20 324 5
20 452 3
20 468 3
20 561 3
20 611 3
20 628 3
21 41 1
21 218 1
21 308 3
21 466 3
21 495 1
21 513 3
21 521 3
21 608 3
22 89 -1
22 108 -1
22 109 -1
22 242 -1
22 254 -1
22 314 -1
22 379 -1
22 446 -1
22 458 -1
23 66 3
23 140 1
23 516 1
23 689 1
23 693 1
24 6 -1
24 22 1
24 70 1
24 294 -1
24 357 -1
24 385 1
24 389 -1
24 414 -1
24 472 -1
24 510 -1
24 525 -1
24 527 -1
24 611 -1
24 637 -1
24 670 -1
24 675 -1
24 682 1
25 107 -1
25 242 1
25 294 1
25 297 1
25 315 -1
25 419 1
25 542 3
25 632 1
25 649 1
25 676 1
26 116 1
26 218 -1
26 266 1
26 326 -1
26 421 1
26 438 1
26 514 1
26 567 3
27 70 -1
27 155 -1
27 165 -1
27 363 -1
28 195 1
28 212 1
28 238 1
28 309 3
28 449 1
28 484 1
28 558 1
28 622 -1
29 8 1
29 147 3
29 149 1
29 436 1
29 453 1
29 556 1
29 627 -1
29 637 1
30 111 1
30 116 1
30 576 -1
30 653 -1
30 660 1
30 664 1
30 677 1
31 91 -1
31 243 1
31 254 1
31 385 3
31 410 1
31 417 1
31 429 1
31 500 1
31 525 1
31 561 1
31 627 -1
31 645 1
31 676 1
31 687 1
32 108 3
32 219 3
32 308 3
32 359 3
32 552 3
32 583 5
32 662 3
33 102 1
33 198 -1
33 217 3
33 275 1
33 637 1
33 690 1
34 185 3
34 213 -1
34 218 -1
34 331 5
34 366 1
34 429 1
34 435 3
34 505 3
34 533 1
34 565 -1
34 569 1
34 656 1
34 679 1
35 34 -1
35 165 1
35 243 -1
35 252 -1
35 274 -1
35 322 -1
35 327 -1
35 381 -1
35 405 -1
35 446 -1
35 494 -1
35 508 -1
35 517 -1
35 521 -1
35 529 -1
35 573 1
35 581 -1
35 597 -1
35 647 -1
36 7 -1
36 37 3
36 63 -1
36 70 3
36 191 -1
36 213 -1
36 369 -1
36 546 -1
37 125 -1
37 181 -1
37 224 -1
37 232 3
37 379 -1
37 387 3
37 394 -1
37 427 -1
37 467 -1
37 545 -1
37 660 -1
37 678 -1
38 66 3
38 83 -1
38 89 1
38 136 3
38 201 1
38 274 1
38 275 1
38 292 -1
38 443 1
38 498 1
38 521 1
38 530 -1
38 583 3
38 625 3
38 651 1
38 695 3
39 37 3
39 49 -1
39 103 3
39 126 1
39 216 1
39 241 1
39 244 1
39 359 1
39 388 1
39 517 1
39 639 1
40 71 3
40 93 1
40 135 3
40 202 1
40 266 3
40 391 1
40 421 3
40 638 5
41 5 3
41 233 5
41 389 3
41 415 1
41 493 5
41 531 5
41 652 5
42 5 1
42 23 1
42 38 1
42 166 -1
42 208 1
42 311 1
42 477 1
42 527 1
42 613 1
42 631 1
43 120 -1
43 145 1
43 168 1
43 199 1
43 287 1
43 356 1
44 5 1
44 53 1
44 71 1
44 102 1
44 232 5
44 238 1
44 474 1
44 603 -1
44 619 1
44 640 3
44 661 1
45 12 1
45 97 -1
45 192 -1
45 201 1
45 239 1
45 313 1
45 397 1
45 420 1
45 451 -1
45 524 3
45 559 1
45 579 1
45 674 1
46 139 1
46 239 1
46 245 1
46 311 1
46 413 -1
46 460 -1
46 468 1
46 570 1
46 693 1
47 98 -1
47 118 -1
47 125 -1
47 207 -1
47 397 -1
47 428 -1
47 551 -1
47 605 -1
47 639 -1
47 668 -1
47 684 -1
47 697 -1
48 25 1
48 207 1
48 282 -1
48 318 1
48 328 -1
48 366 1
48 379 1
48 389 1
48 419 1
48 432 1
48 515 1
49 31 3
49 68 3
49 170 3
49 177 3
49 287 3
49 401 1
49 611 3
49 670 3
50 23 3
50 32 1
50 111 3
50 228 3
50 239 3
50 345 5
50 560 1
50 679 3
51 59 1
51 106 -1
51 136 3
51 154 1
51 170 1
51 180 1
51 202 -1
51 232 5
51 239 1
51 272 1
51 346 1
51 377 3
51 511 1
51 564 -1
51 586 -1
51 636 1
51 640 3
52 121 -1
52 252 -1
52 307 -1
52 428 -1
52 588 -1
53 86 1
53 157 1
53 251 3
53 264 3
53 296 1
53 325 -1
53 336 -1
53 409 1
53 410 1
53 536 3
53 622 -1
53 624 3
53 665 1
54 18 3
54 24 5
54 72 3
54 98 3
54 99 3
54 224 3
54 281 3
54 366 3
54 655 1
54 678 3
54 681 3
55 10 1
55 72 1
55 121 1
55 239 1
55 351 -1
55 368 1
55 372 -1
55 481 -1
55 614 1
55 635 1
56 31 3
56 85 5
56 180 3
56 258 1
56 263 3
56 371 1
56 432 3
56 514 3
56 599 3
56 621 1
56 648 3
57 92 1
57 148 -1
57 157 -1
57 179 1
57 235 -1
57 426 -1
57 449 -1
57 553 -1
57 593 -1
57 698 -1
58 294 3
58 385 5
58 504 1
58 513 3
58 624 5
58 646 3
58 671 1
58 696 5
59 4 1
59 17 1
59 165 3
59 193 -1
59 377 3
59 394 1
59 422 1
59 542 3
59 575 1
59 576 -1
59 632 1
59 639 1
60 1 1
60 84 1
60 87 1
60 109 1
60 204 3
60 279 1
60 295 1
60 299 1
60 319 1
60 409 1
60 434 1
60 463 -1
60 572 1
60 632 1
60 687 1
61 58 1
61 217 5
61 226 3
61 242 3
61 259 3
61 348 3
61 532 3
61 568 3
61 590 1
61 670 3
62 1 1
62 25 1
62 52 3
62 74 -1
62 151 1
62 269 1
62 385 3
62 391 -1
62 418 1
62 428 1
62 511 1
62 595 1
62 636 1
63 210 5
63 267 1
63 318 3
63 323 3
63 380 3
63 397 3
63 461 3
63 526 3
63 566 1
63 675 3
64 412 1
64 488 3
64 559 1
64 583 3
64 601 1
64 656 1
64 671 -1
65 25 -1
65 44 -1
65 147 1
65 249 -1
65 270 -1
65 280 -1
65 400 -1
65 452 -1
65 475 -1
65 604 -1
66 42 -1
66 263 -1
66 334 -1
66 363 1
66 395 -1
66 468 -1
66 473 -1
66 515 -1
66 532 -1
66 628 -1
66 633 1
67 18 1
67 224 1
67 275 1
67 289 1
67 436 1
67 464 3
67 533 1
68 1 1
68 152 -1
68 302 1
68 336 -1
68 381 1
68 398 1
68 419 1
68 473 1
68 550 3
68 633 3
68 645 1
68 658 1
69 141 -1
69 275 1
69 491 1
69 654 3
69 684 1
69 687 1
70 480 -1
70 488 1
70 517 -1
70 594 -1
71 20 -1
71 59 1
71 390 -1
71 403 1
71 430 1
71 588 1
72 89 1
72 122 -1
72 123 1
72 142 1
72 222 1
72 304 1
72 312 -1
72 352 1
72 377 3
72 447 3
72 499 1
72 538 3
72 639 1
72 653 -1
72 655 -1
72 691 1
73 33 1
73 54 -1
73 103 3
73 198 -1
73 408 1
73 421 1
73 424 1
73 498 1
73 526 1
73 548 1
73 641 3
74 89 3
74 156 3
74 205 3
74 263 3
74 466 3
74 528 5
74 535 3
74 600 1
75 213 1
75 270 3
75 306 3
75 412 3
75 538 5
75 612 3
76 109 1
76 121 1
76 131 1
76 312 -1
76 355 1
76 397 1
76 512 1
77 42 1
77 103 3
77 175 1
77 177 1
77 225 1
77 402 1
77 418 1
77 438 1
78 25 1
78 74 -1
78 113 -1
78 160 1
78 216 1
78 344 1
78 401 -1
78 446 1
78 456 -1
78 525 1
79 129 1
79 161 1
79 190 3
79 276 1
79 317 1
79 344 1
79 422 1
79 472 1
79 624 3
79 673 3
80 36 1
80 124 1
80 238 1
80 270 1
80 436 1
80 446 1
80 515 1
81 16 5
81 57 3
81 286 -1
81 315 -1
81 478 1
81 512 1
81 598 3
82 66 3
82 136 3
82 188 -1
82 227 1
82 351 -1
82 440 1
82 590 -1
82 619 1
83 66 5
83 117 3
83 125 3
83 396 1
83 519 3
83 597 3
83 613 3
84 19 1
84 77 1
84 255 -1
84 320 -1
84 365 -1
84 383 1
84 437 1
84 486 1
84 592 -1
85 131 -1
85 259 -1
85 347 -1
85 375 -1
85 380 -1
85 482 5
85 483 -1
85 487 -1
85 490 1
85 521 -1
85 613 -1
85 640 1
86 60 1
86 106 -1
86 217 3
86 466 1
86 515 1
86 539 -1
86 610 -1
86 641 3
86 666 1
87 72 1
87 123 1
87 237 1
87 348 1
87 349 1
87 384 1
87 410 1
87 448 1
87 480 1
87 629 1
88 174 5
88 195 3
88 232 7
88 326 1
88 359 3
88 385 5
88 398 3
88 438 3
88 518 1
88 586 1
88 616 3
89 42 1
89 72 1
89 93 -1
89 106 -1
89 175 1
89 180 1
89 274 1
89 290 1
89 399 1
89 495 -1
89 578 1
89 588 1
89 619 1
89 628 1
90 36 1
90 98 1
90 202 -1
90 240 -1
90 340 1
90 432 1
90 448 1
90 482 7
90 578 1
90 623 3
90 649 1
90 654 3
90 655 -1
91 6 3
91 30 3
91 70 5
91 148 3
91 158 5
91 175 3
91 338 3
91 341 1
91 389 3
91 406 3
91 442 3
91 460 1
91 492 3
91 616 3
91 625 5
92 261 -1
92 450 -1
92 488 1
93 12 3
93 14 3
93 133 5
93 160 3
93 176 7
93 241 3
93 385 5
93 424 3
93 437 3
93 502 1
93 541 3
93 623 5
93 644 3
94 56 -1
94 203 1
94 323 1
94 469 1
94 483 1
94 542 3
94 565 -1
94 615 1
94 648 1
94 681 1
95 27 7
95 128 3
95 133 5
95 147 5
95 173 7
95 269 3
95 342 3
95 361 3
95 498 3
95 552 3
95 588 3
95 598 5
95 610 1
95 651 3
95 659 3
95 671 1
95 698 3
96 74 1
96 304 3
96 394 3
96 459 3
96 470 3
96 506 3
96 553 3
97 2 3
97 106 1
97 127 5
97 388 3
97 402 3
97 555 3
97 653 1
97 656 3
98 68 1
98 251 3
98 388 1
98 550 3
98 600 -1
98 623 3
99 17 1
99 108 1
99 122 -1
99 178 1
99 196 1
99 252 1
99 264 3
99 277 1
99 524 3
100 60 -1
100 126 -1
100 167 -1
100 181 -1
100 204 1
100 238 -1
100 261 -1
100 265 1
100 359 -1
100 383 -1
100 422 -1
100 435 1
100 555 -1
100 694 -1
101 14 1
101 52 3
101 117 1
101 216 1
101 247 1
101 430 1
101 444 -1
101 559 1
101 573 3
101 616 1
102 36 1
102 52 3
102 72 1
102 234 1
102 272 1
102 273 1
102 281 1
102 301 1
102 352 1
102 420 1
102 452 1
102 474 1
103 24 1
103 43 -1
103 129 -1
103 154 -1
103 237 -1
103 253 -1
103 439 -1
103 468 -1
103 618 -1
103 620 -1
104 39 1
104 166 -1
104 204 3
104 213 -1
104 346 1
104 457 1
104 508 1
105 218 -1
105 228 1
105 245 1
105 321 -1
105 402 1
105 530 -1
105 618 1
105 625 3
105 633 3
105 643 3
106 203 3
106 357 3
106 358 3
106 369 1
106 405 3
106 426 3
106 430 3
106 462 3
106 478 3
106 669 1
106 685 5
106 686 3
107 11 3
107 88 1
107 448 3
107 555 3
107 613 3
107 698 3
108 360 1
108 481 -1
108 520 1
108 539 -1
108 550 3
108 669 -1
108 674 1
109 57 3
109 99 1
109 102 1
109 249 1
109 329 1
109 373 1
109 381 1
109 383 1
109 388 1
109 455 1
109 485 5
109 489 3
109 563 -1
109 620 1
109 621 -1
109 668 1
110 33 1
110 176 5
110 301 1
110 338 1
110 341 -1
110 343 1
110 386 -1
110 491 1
110 535 1
110 539 -1
110 564 -1
110 584 1
110 692 -1
111 5 1
111 36 1
111 72 1
111 193 -1
111 209 3
111 262 3
111 279 1
111 425 1
111 451 -1
111 499 1
111 522 1
111 523 -1
111 591 1
112 69 1
112 223 -1
112 286 -1
112 297 1
112 339 1
112 504 -1
112 519 1
112 525 1
112 601 1
112 606 1
112 631 1
112 670 1
113 44 3
113 245 3
113 269 3
113 306 3
113 405 3
113 429 3
113 487 3
113 532 3
113 590 1
113 624 5
113 626 5
114 160 3
114 198 1
114 217 5
114 220 3
114 251 5
114 291 5
114 339 3
114 527 3
114 575 3
114 582 5
114 649 3
114 651 3
115 16 3
115 181 -1
115 200 -1
115 360 -1
115 490 1
115 547 -1
115 595 -1
115 597 -1
115 602 -1
115 656 -1
116 66 3
116 222 1
116 265 3
116 322 1
116 336 -1
116 482 7
116 544 -1
116 595 1
116 672 1
117 96 -1
117 155 3
117 226 1
117 322 1
117 338 1
117 427 1
117 437 1
117 440 1
118 220 1
118 230 1
118 331 5
118 363 3
118 488 3
118 537 1
118 552 1
118 666 1
118 699 1
119 32 -1
119 57 3
119 77 1
119 79 1
119 102 1
119 165 3
119 256 1
119 267 -1
119 301 1
119 318 1
119 346 1
119 380 1
119 432 1
119 436 1
119 531 3
119 534 -1
119 569 1
119 607 3
119 647 1
119 662 1
119 672 1
119 675 1
120 22 5
120 125 3
120 187 1
120 196 3
120 364 1
120 416 1
120 470 3
120 544 1
120 556 3
120 559 3
120 605 3
120 649 3
121 118 1
121 137 1
121 141 -1
121 282 -1
121 298 1
121 304 1
121 324 3
121 407 1
121 561 1
121 616 1
122 26 3
122 138 1
122 156 3
122 313 3
122 379 3
122 421 3
122 496 5
122 599 3
122 668 3
122 673 5
123 5 1
123 74 -1
123 130 3
123 158 3
123 177 1
123 191 -1
123 271 -1
123 330 3
123 416 -1
123 665 1
124 97 -1
124 131 1
124 152 -1
124 167 1
124 304 1
124 422 1
124 597 1
124 632 1
124 645 1
124 666 1
125 28 1
125 107 -1
125 160 1
125 164 -1
125 210 3
125 212 1
125 234 1
125 236 -1
125 372 -1
125 394 1
125 438 1
125 501 -1
125 531 3
125 575 1
126 85 3
126 539 -1
126 573 3
126 653 -1
127 299 -1
127 302 -1
127 419 -1
127 507 -1
127 578 -1
127 602 -1
127 647 -1
128 34 1
128 183 1
128 190 3
128 194 1
128 214 -1
128 311 1
128 351 -1
128 398 1
128 576 -1
128 590 -1
128 631 1
128 679 1
128 683 -1
129 39 1
129 84 1
129 111 1
129 149 1
129 297 1
129 360 1
129 459 1
129 555 1
129 655 -1
129 679 1
129 685 3
130 115 1
130 135 -1
130 239 -1
130 263 -1
130 291 1
130 373 -1
131 195 1
131 231 3
131 308 1
131 418 1
131 468 1
132 24 5
132 72 3
132 353 3
132 520 3
132 639 3
132 677 3
133 71 -1
133 129 -1
133 298 -1
133 318 -1
133 394 -1
133 442 -1
133 449 -1
133 470 -1
133 478 -1
133 488 1
133 571 -1
134 193 1
134 299 3
134 342 3
134 363 5
134 371 1
134 443 3
134 623 5
134 646 3
134 657 1
135 84 1
135 303 1
135 420 1
135 430 1
135 605 1
136 16 3
136 59 -1
136 90 -1
136 117 -1
136 124 -1
136 145 -1
136 149 -1
136 178 -1
136 180 -1
136 238 -1
136 337 -1
136 417 -1
136 455 -1
136 499 -1
136 508 -1
136 595 -1
137 82 1
137 93 -1
137 154 1
137 161 1
137 314 1
137 431 1
137 604 1
137 614 1
138 22 5
138 32 1
138 119 3
138 262 5
138 351 1
138 465 3
138 478 3
138 508 3
138 510 3
138 554 1
138 621 1
138 690 3
139 52 3
139 84 1
139 143 1
139 215 -1
139 265 3
139 321 -1
139 413 -1
139 482 7
139 483 1
139 511 1
139 529 1
139 608 1
140 166 -1
140 233 3
140 251 3
140 263 1
140 328 -1
140 521 1
140 524 3
140 569 1
140 676 1
141 47 5
141 135 3
141 315 1
141 423 3
141 438 3
141 481 1
141 525 3
141 543 1
141 608 3
142 100 3
142 221 -1
142 266 1
142 312 -1
142 424 1
142 437 1
142 443 1
142 646 1
143 5 1
143 76 1
143 91 -1
143 141 -1
143 198 -1
143 235 1
143 261 1
143 584 1
143 624 3
143 630 -1
143 681 1
144 73 1
144 359 1
144 368 1
144 405 1
144 483 1
144 509 -1
144 543 -1
144 583 3
144 653 -1
145 1 1
145 122 -1
145 123 1
145 154 1
145 243 1
145 306 1
145 335 1
145 354 1
145 473 1
145 534 -1
145 559 1
145 630 -1
145 644 1
146 12 3
146 32 1
146 101 3
146 126 3
146 187 1
146 191 1
146 238 3
146 252 3
146 308 3
146 315 1
146 465 3
146 469 3
146 539 1
146 597 3
147 48 -1
147 140 -1
147 201 -1
147 352 -1
147 376 -1
147 380 -1
147 405 -1
147 597 -1
147 667 -1
148 107 -1
148 135 1
148 269 1
148 273 1
148 282 -1
148 322 1
148 377 3
148 387 5
148 476 -1
148 536 3
148 610 -1
148 617 3
148 677 1
149 37 3
149 50 -1
149 326 -1
149 332 3
149 430 1
149 480 1
149 568 1
149 626 3
149 656 1
150 29 -1
150 123 -1
150 174 1
150 237 -1
150 284 1
150 311 -1
150 388 -1
150 408 -1
150 535 -1
150 604 -1
150 652 1
151 69 1
151 113 -1
151 179 3
151 186 -1
151 221 -1
151 298 1
151 325 -1
151 337 1
151 338 1
151 345 3
151 354 1
151 520 1
151 651 1
151 668 1
152 84 3
152 89 3
152 103 5
152 120 1
152 212 3
152 481 1
152 487 3
152 649 3
153 6 1
153 43 1
153 62 1
153 108 1
153 111 1
153 148 1
153 190 3
153 221 -1
153 543 -1
153 596 -1
154 33 1
154 56 -1
154 89 1
154 104 1
154 237 1
154 280 1
154 333 -1
154 340 1
154 431 1
154 435 3
154 553 1
154 573 3
154 638 3
155 44 -1
155 46 -1
155 82 -1
155 85 1
155 111 -1
155 169 -1
155 410 -1
155 421 -1
155 497 -1
155 505 1
155 549 -1
155 642 -1
156 38 1
156 89 1
156 158 3
156 190 3
156 258 -1
156 262 3
156 283 1
156 343 1
156 393 1
156 403 1
156 449 1
156 503 1
156 521 1
156 645 1
157 2 1
157 17 1
157 54 -1
157 69 1
157 76 1
157 121 1
157 128 1
157 154 1
157 164 -1
157 349 1
157 406 1
157 453 1
157 548 1
157 552 1
157 603 -1
157 630 -1
158 1 -1
158 260 1
158 298 -1
158 337 -1
158 349 -1
158 363 1
158 446 -1
158 498 -1
158 552 -1
158 639 -1
159 92 3
159 149 1
159 244 1
159 252 1
159 292 -1
159 435 3
159 531 3
159 634 1
160 85 3
160 145 1
160 217 3
160 290 1
160 359 1
160 392 1
160 408 1
160 429 1
160 510 1
160 564 -1
160 591 1
161 43 1
161 96 -1
161 155 3
161 218 -1
161 261 1
161 362 -1
161 526 1
162 96 -1
162 125 1
162 155 3
162 188 -1
162 380 1
162 504 -1
162 541 1
162 543 -1
162 584 1
162 616 1
162 683 -1
162 687 1
163 23 1
163 94 1
163 142 1
163 345 3
163 426 1
163 432 1
163 445 -1
163 538 3
163 698 1
164 39 3
164 65 5
164 481 1
164 544 1
164 609 1
164 619 3
164 638 5
164 643 5
165 16 3
165 37 1
165 57 1
165 176 3
165 273 -1
165 283 -1
165 291 1
165 514 -1
165 549 -1
165 633 1
165 646 -1
166 108 3
166 145 3
166 153 3
166 187 1
166 197 3
166 258 1
166 271 1
166 518 1
166 531 5
166 591 3
166 621 1
167 20 -1
167 35 3
167 332 3
167 499 1
167 615 1
167 663 3
168 145 1
168 209 3
168 288 5
168 355 1
168 410 1
168 462 1
168 494 1
168 564 -1
169 73 1
169 133 3
169 171 -1
169 213 -1
169 223 -1
169 248 1
169 309 3
169 347 1
169 368 1
169 388 1
169 393 1
169 407 1
169 412 1
169 507 1
169 575 1
169 611 1
169 658 1
169 667 1
169 670 1
169 675 1
170 76 1
170 101 1
170 122 -1
170 151 1
170 250 1
170 424 1
170 471 1
170 497 1
170 529 1
170 638 3
170 643 3
170 649 1
170 673 3
171 14 3
171 64 3
171 162 3
171 411 3
171 459 3
171 473 3
171 522 3
171 524 5
171 532 3
171 542 5
171 596 1
171 653 1
171 667 3
172 51 1
172 123 1
172 156 1
172 316 -1
172 333 -1
172 394 1
172 408 1
172 414 1
172 640 3
172 685 3
173 100 -1
173 130 -1
173 179 -1
173 190 -1
173 284 -1
173 291 -1
173 538 -1
173 633 -1
173 641 -1
173 673 -1
173 682 -1
174 29 -1
174 30 -1
174 424 -1
174 459 -1
174 649 -1
175 144 1
175 231 3
175 648 1
176 22 -1
176 174 -1
176 217 -1
176 233 -1
176 264 -1
176 377 -1
176 385 -1
176 387 1
176 607 -1
176 682 -1
177 138 -1
177 303 1
177 371 -1
177 382 -1
177 455 1
177 479 1
177 691 1
178 186 -1
178 201 1
178 221 -1
178 271 -1
178 390 -1
178 399 1
178 403 1
178 406 1
178 527 1
178 535 1
179 80 -1
179 222 -1
179 442 -1
180 34 1
180 46 1
180 253 1
180 322 1
180 329 1
180 341 -1
180 356 1
180 376 1
180 393 1
180 413 -1
180 634 1
180 669 -1
181 38 1
181 81 1
181 85 3
181 230 1
181 243 1
181 263 1
181 381 1
181 428 1
181 429 1
181 510 1
181 529 1
181 619 1
182 38 3
182 263 3
182 279 3
182 301 3
182 367 3
182 399 3
182 540 1
183 208 1
183 319 1
183 425 1
183 449 1
183 530 -1
183 568 1
183 674 1
183 676 1
184 146 1
184 165 5
184 249 3
184 259 3
184 344 3
184 351 1
184 370 3
184 444 1
184 669 1
185 92 1
185 99 -1
185 368 -1
185 383 -1
185 440 -1
185 479 -1
185 517 -1
185 557 -1
185 559 -1
185 606 -1
185 650 -1
186 83 1
186 253 3
186 258 1
186 358 3
186 372 1
186 382 1
186 395 3
186 466 3
186 468 3
186 606 3
186 669 1
186 685 5
187 27 7
187 258 1
187 277 3
187 506 3
187 628 3
187 632 3
188 11 3
188 26 3
188 172 3
188 218 1
188 290 3
188 295 3
188 416 1
188 461 3
188 535 3
188 579 3
188 592 1
188 611 3
188 680 1
189 44 3
189 158 5
189 206 1
189 253 3
189 291 5
189 302 3
189 469 3
189 475 3
189 485 7
189 518 1
189 535 3
189 646 3
189 695 5
190 10 -1
190 12 -1
190 35 1
190 47 1
190 278 1
190 281 -1
190 296 -1
190 303 -1
190 323 -1
190 338 -1
190 367 -1
190 533 -1
190 547 -1
190 633 1
190 674 -1
191 111 3
191 167 3
191 170 3
191 334 3
191 357 3
191 404 3
191 463 1
191 468 3
191 554 1
191 606 3
191 619 3
191 645 3
192 8 3
192 276 3
192 506 3
192 588 3
192 594 3
192 608 3
193 38 3
193 102 3
193 341 1
193 360 3
193 400 3
193 442 3
193 601 3
193 658 3
194 41 -1
194 65 3
194 155 3
194 303 1
194 400 1
194 481 -1
194 548 1
194 638 3
194 660 1
195 42 1
195 53 1
195 142 1
195 158 3
195 283 1
195 292 -1
195 295 1
195 356 1
195 404 1
195 407 1
195 440 1
195 469 1
195 520 1
195 601 1
196 97 -1
196 211 1
196 224 1
196 294 1
196 623 3
196 650 1
196 671 -1
197 109 1
197 195 1
197 275 1
197 431 1
197 472 1
197 504 -1
197 544 -1
197 636 1
197 647 1
197 679 1
198 224 3
198 303 3
198 392 3
198 416 1
198 573 5
198 696 5
199 141 -1
199 309 3
199 333 -1
199 351 -1
199 500 1
199 630 -1
200 13 1
200 90 1
200 91 -1
200 133 3
200 143 1
200 146 -1
200 172 1
200 235 1
200 267 -1
200 279 1
200 289 1
200 343 1
200 390 -1
200 592 -1
200 616 1
201 24 3
201 117 1
201 284 3
201 285 3
201 343 1
201 344 1
201 435 3
201 503 1
201 504 -1
201 558 1
201 609 -1
202 9 3
202 170 3
202 236 1
202 374 3
202 402 3
202 424 3
202 554 1
202 605 3
202 625 5
203 186 -1
203 243 1
203 245 1
203 314 1
203 389 1
203 436 1
203 443 1
203 461 1
203 487 1
204 23 -1
204 70 1
204 229 -1
204 368 -1
204 403 -1
204 443 -1
204 448 -1
205 45 1
205 67 1
205 212 1
205 334 1
205 367 1
205 636 1
205 654 3
205 662 1
206 10 3
206 35 5
206 132 1
206 187 1
206 269 3
206 271 1
206 381 3
206 386 1
206 470 3
206 539 1
206 588 3
206 607 5
206 609 1
206 620 3
206 633 5
206 686 3
207 34 1
207 89 1
207 143 1
207 270 1
207 340 1
207 395 1
207 433 -1
207 453 1
207 456 -1
207 529 1
207 640 3
208 42 1
208 81 1
208 158 3
208 272 1
208 290 1
208 341 -1
208 413 -1
208 536 3
208 599 1
209 102 -1
209 279 -1
209 361 -1
209 473 -1
209 618 -1
210 101 -1
210 103 1
210 111 -1
210 313 -1
210 342 -1
210 343 -1
210 437 -1
210 458 -1
211 143 1
211 176 5
211 242 1
211 406 1
211 556 1
211 562 1
212 38 1
212 64 1
212 105 1
212 140 1
212 234 1
212 242 1
212 409 1
212 411 1
212 458 1
212 482 7
212 526 1
212 562 1
212 565 -1
212 581 1
212 637 1
212 674 1
213 90 3
213 98 3
213 225 3
213 230 3
213 242 3
213 319 3
213 351 1
213 386 1
213 491 3
213 530 1
213 634 3
214 55 3
214 157 3
214 166 1
214 219 3
214 253 3
214 329 3
214 374 3
214 377 5
214 449 3
214 479 3
214 500 3
214 506 3
214 525 3
214 586 1
214 675 3
215 88 1
215 103 5
215 213 1
215 217 5
215 387 7
215 458 3
215 634 3
215 640 5
215 670 3
216 93 -1
216 115 3
216 358 1
216 406 1
216 484 1
216 566 -1
216 586 -1
216 637 1
217 33 -1
217 79 -1
217 100 1
217 136 1
217 169 -1
217 183 -1
217 226 -1
217 247 -1
217 289 -1
217 300 -1
217 368 -1
217 400 -1
217 417 -1
217 462 -1
217 474 -1
217 524 1
217 529 -1
217 531 1
217 570 -1
217 599 -1
218 52 5
218 155 5
218 299 3
218 350 3
218 402 3
218 459 3
218 473 3
218 649 3
218 665 3
219 2 1
219 125 1
219 373 1
219 482 7
219 592 -1
220 29 1
220 38 1
220 45 1
220 69 1
220 252 1
220 301 1
220 466 1
220 562 1
220 568 1
220 657 -1
220 697 1
221 58 1
221 65 5
221 71 3
221 220 3
221 232 7
221 450 3
221 497 3
221 509 1
221 612 3
221 674 3
221 696 5
222 77 1
222 220 1
222 385 3
222 654 3
223 7 1
223 18 3
223 72 3
223 106 1
223 230 3
223 289 3
223 293 3
223 297 3
223 363 5
223 412 3
223 431 3
223 447 5
223 497 3
223 500 3
223 613 3
224 3 1
224 57 3
224 130 3
224 144 1
224 223 -1
224 292 -1
224 388 1
224 487 1
224 666 1
224 667 1
225 35 3
225 121 1
225 232 5
225 238 1
225 331 5
225 501 -1
225 626 3
225 627 -1
226 4 1
226 74 -1
226 239 1
226 257 -1
226 295 1
226 308 1
227 67 1
227 135 1
227 185 3
227 320 -1
227 374 1
227 406 1
227 408 1
227 450 1
227 571 1
227 601 1
227 699 1
228 139 1
228 143 1
228 167 1
228 329 1
228 378 -1
228 429 1
228 508 1
228 573 3
228 582 3
228 591 1
228 607 3
228 648 1
229 193 -1
229 232 5
229 321 -1
229 456 -1
229 530 -1
229 619 1
229 627 -1
229 651 1
229 664 1
230 23 1
230 224 1
230 233 3
230 360 1
230 623 3
230 624 3
230 626 3
230 637 1
230 651 1
230 699 1
231 22 1
231 94 -1
231 230 -1
231 289 -1
231 408 -1
231 409 -1
231 536 1
231 556 -1
231 616 -1
231 633 1
231 638 1
232 52 -1
232 92 -1
232 231 -1
232 309 -1
232 542 -1
232 577 -1
232 582 -1
232 598 -1
232 663 -1
233 6 -1
233 77 -1
233 108 -1
233 208 -1
233 234 -1
233 366 -1
233 438 -1
233 458 -1
233 503 -1
233 505 1
233 589 -1
234 37 3
234 38 1
234 45 1
234 197 1
234 297 1
234 410 1
234 549 1
234 622 -1
234 638 3
235 3 1
235 15 1
235 23 1
235 111 1
235 132 -1
235 263 1
235 296 1
235 298 1
235 423 1
235 426 1
235 499 1
235 531 3
235 604 1
236 51 3
236 166 1
236 261 3
236 326 1
236 336 1
236 364 1
236 687 3
237 26 1
237 69 1
237 197 1
237 234 1
237 253 1
237 269 1
237 302 1
237 533 1
238 24 3
238 100 3
238 294 1
238 489 3
238 501 -1
238 679 1
239 206 -1
239 304 1
239 494 1
239 670 1
240 166 1
240 325 1
240 330 5
240 417 3
240 429 3
240 453 3
240 491 3
240 592 1
240 663 5
241 183 1
241 228 1
241 264 3
241 292 -1
241 324 3
241 491 1
242 38 1
242 46 1
242 122 -1
242 146 -1
242 178 1
242 271 -1
242 332 3
242 341 -1
242 577 3
243 56 -1
243 124 1
243 139 1
243 190 3
243 245 1
243 300 1
243 384 1
243 422 1
243 548 1
243 609 -1
243 612 1
243 625 3
243 636 1
244 52 3
244 260 3
244 262 3
244 302 1
244 334 1
244 385 3
244 535 1
244 596 -1
245 53 1
245 94 1
245 146 -1
245 331 5
245 355 1
245 475 1
245 504 -1
245 541 1
245 698 1
246 25 3
246 51 3
246 146 1
246 353 3
246 399 3
246 432 3
246 533 3
246 536 5
246 693 3
246 699 3
247 105 1
247 112 1
247 113 -1
247 150 3
247 292 -1
247 314 1
248 279 1
248 376 1
248 383 1
248 439 1
248 462 1
248 471 1
248 473 1
248 509 -1
248 556 1
248 679 1
249 17 1
249 214 -1
249 243 1
249 302 1
249 385 3
249 456 -1
249 507 1
249 555 1
249 669 -1
250 20 -1
250 59 1
250 219 1
250 242 1
250 317 1
250 366 1
250 547 1
250 565 -1
250 662 1
250 690 1
251 72 -1
251 204 1
251 227 -1
251 253 -1
251 367 -1
251 377 1
251 387 3
251 482 5
251 485 3
251 510 -1
251 604 -1
251 611 -1
251 626 1
251 633 1
252 50 -1
252 162 1
252 172 1
252 278 3
252 283 1
252 373 1
252 532 1
252 551 1
253 91 -1
253 207 1
253 313 1
253 346 1
253 399 1
253 433 -1
253 442 1
253 461 1
253 475 1
253 595 1
253 597 1
253 650 1
253 653 -1
254 28 1
254 127 3
254 295 1
254 329 1
254 382 -1
254 580 1
254 609 -1
255 67 3
255 184 1
255 261 3
255 274 3
255 294 3
255 302 3
255 534 1
255 691 3
256 19 1
256 39 1
256 63 -1
256 402 1
256 593 1
256 634 1
257 111 3
257 141 1
257 248 3
257 251 5
257 330 5
257 357 3
257 459 3
257 531 5
257 573 5
257 590 1
257 619 3
258 31 3
258 99 3
258 100 5
258 144 3
258 162 3
258 180 3
258 196 3
258 306 3
258 442 3
258 450 3
258 496 5
258 504 1
258 608 3
258 635 3
258 640 5
259 157 1
259 167 1
259 215 -1
259 231 3
259 265 3
259 279 1
259 281 1
259 431 1
259 445 -1
259 607 3
259 627 -1
260 13 -1
260 111 -1
260 276 -1
260 298 -1
260 334 -1
260 368 -1
260 370 -1
260 393 -1
260 455 -1
260 498 -1
260 579 -1
260 624 1
260 650 -1
260 672 -1
261 96 -1
261 269 1
261 276 1
261 360 1
261 570 1
261 624 3
261 668 1
262 45 -1
262 242 -1
262 288 3
262 294 -1
262 404 -1
262 406 -1
262 419 -1
262 421 -1
262 515 -1
262 685 1
263 26 1
263 90 1
263 131 1
263 157 1
263 422 1
263 447 3
263 452 1
263 459 1
263 546 -1
263 627 -1
264 105 -1
264 144 -1
264 145 -1
264 277 -1
264 423 -1
264 570 -1
265 68 -1
265 161 -1
265 168 -1
265 203 -1
265 209 1
265 254 -1
265 270 -1
265 287 -1
265 399 -1
265 411 -1
265 448 -1
265 659 -1
265 689 -1
266 53 1
266 60 1
266 94 1
266 104 1
266 130 3
266 162 1
266 203 1
266 233 3
266 270 1
266 284 3
266 376 1
266 412 1
266 435 3
266 479 1
266 542 3
266 559 1
266 561 1
266 602 1
266 667 1
266 673 3
266 692 -1
267 3 3
267 10 3
267 16 7
267 125 3
267 144 3
267 208 3
267 289 3
267 297 3
267 379 3
267 434 3
267 480 3
267 546 1
267 584 3
268 10 1
268 147 3
268 289 1
268 363 3
268 380 1
268 435 3
268 501 -1
268 594 1
269 6 1
269 220 1
269 272 1
269 310 -1
269 313 1
269 563 -1
269 633 3
270 63 -1
270 65 3
270 77 1
270 171 -1
270 414 1
270 445 -1
270 524 3
270 613 1
270 623 3
270 637 1
270 672 1
271 203 3
271 269 3
271 319 3
271 325 1
271 406 3
271 466 3
271 568 3
271 593 3
272 17 1
272 147 3
272 152 -1
272 163 1
272 176 5
272 184 -1
272 265 3
272 319 1
272 406 1
272 456 -1
272 678 1
273 148 1
273 259 1
273 349 1
273 389 1
273 449 1
273 467 1
273 511 1
273 515 1
273 620 1
273 679 1
274 69 1
274 73 1
274 302 1
274 401 -1
274 428 1
274 445 -1
274 464 3
274 488 3
274 670 1
274 691 1
274 696 3
275 20 -1
275 74 -1
275 280 1
275 322 1
275 456 -1
275 507 1
275 541 1
275 543 -1
275 570 1
275 590 -1
276 3 1
276 25 1
276 91 -1
276 96 -1
276 112 1
276 164 -1
276 168 1
276 308 1
276 476 -1
276 536 3
276 568 1
276 648 1
277 131 1
277 156 1
277 226 1
277 241 1
277 271 -1
277 319 1
277 429 1
277 498 1
277 539 -1
277 588 1
277 669 -1
277 680 -1
278 79 -1
278 90 -1
278 151 -1
278 335 -1
278 374 -1
278 467 -1
278 524 1
278 602 -1
278 644 -1
278 688 -1
279 12 1
279 69 1
279 113 -1
279 115 3
279 134 -1
279 160 1
279 174 3
279 181 1
279 189 -1
279 196 1
279 208 1
279 464 3
279 551 1
279 612 1
280 9 1
280 12 1
280 162 1
280 226 1
280 311 1
280 350 1
280 379 1
280 540 -1
280 621 -1
280 655 -1
280 662 1
280 679 1
281 42 1
281 107 -1
281 133 3
281 196 1
281 398 1
281 446 1
281 472 1
281 513 1
281 617 3
281 695 3
282 36 3
282 117 3
282 128 3
282 161 3
282 218 1
282 273 3
282 305 3
282 359 3
282 453 3
282 512 3
282 670 3
283 18 1
283 120 -1
283 122 -1
283 436 1
283 450 1
283 506 1
283 520 1
283 560 -1
283 571 1
283 583 3
284 2 -1
284 48 -1
284 181 -1
284 220 -1
284 251 1
284 299 -1
284 348 -1
284 381 -1
284 403 -1
284 435 1
284 505 1
284 614 -1
285 163 -1
285 291 1
285 334 -1
285 357 -1
285 448 -1
285 506 -1
285 556 -1
285 615 -1
285 624 1
285 651 -1
285 677 -1
285 695 1
285 696 1
286 2 3
286 11 3
286 210 5
286 212 3
286 253 3
286 336 1
286 599 3
286 623 5
286 626 5
286 686 3
287 68 1
287 98 1
287 117 1
287 184 -1
287 365 -1
287 371 -1
287 392 1
287 527 1
287 531 3
287 594 1
288 35 -1
288 37 -1
288 57 -1
288 115 -1
288 133 -1
288 185 -1
288 331 1
288 332 -1
288 624 -1
288 685 -1
289 18 1
289 21 -1
289 34 1
289 46 1
289 66 3
289 100 3
289 222 1
289 228 1
289 326 -1
289 349 1
289 397 1
289 507 1
289 546 -1
289 567 3
289 607 3
290 23 1
290 127 3
290 227 1
290 233 3
290 241 1
290 254 1
290 300 1
290 321 -1
290 372 -1
290 412 1
290 436 1
290 493 3
290 516 1
290 587 1
290 647 1
291 67 -1
291 69 -1
291 105 -1
291 179 1
291 196 -1
291 279 -1
291 335 -1
291 402 -1
291 480 -1
291 485 3
291 510 -1
291 572 -1
291 697 -1
292 59 3
292 82 3
292 102 3
292 113 1
292 214 1
292 278 5
292 287 3
292 420 3
292 589 3
292 610 1
292 616 3
293 23 1
293 117 1
293 143 1
293 231 3
293 243 1
293 294 1
293 298 1
293 357 1
293 358 1
293 422 1
293 456 -1
293 481 -1
293 513 1
293 568 1
293 603 -1
293 672 1
294 76 1
294 98 1
294 124 1
294 235 1
294 237 1
294 338 1
294 367 1
294 369 -1
294 423 1
294 514 1
294 525 1
294 577 3
294 629 1
294 644 1
295 92 3
295 187 -1
295 248 1
295 346 1
295 373 1
295 393 1
295 444 -1
295 558 1
295 592 -1
295 658 1
295 691 1
296 88 -1
296 238 1
296 313 1
296 329 1
296 410 1
296 528 3
297 63 -1
297 143 1
297 278 3
297 439 1
297 504 -1
297 591 1
297 600 -1
297 672 1
298 34 1
298 136 3
298 174 3
298 222 1
298 314 1
298 428 1
298 482 7
298 503 1
298 511 1
298 540 -1
298 590 -1
298 657 -1
298 673 3
298 677 1
298 681 1
299 27 5
299 89 1
299 225 1
299 423 1
299 495 -1
299 524 3
299 617 3
300 23 1
300 67 1
300 84 1
300 196 1
300 238 1
300 242 1
300 326 -1
300 377 3
300 498 1
300 514 1
300 547 1
301 142 1
301 153 1
301 160 1
301 480 1
301 536 3
301 582 3
301 625 3
301 631 1
302 37 3
302 73 1
302 238 1
302 240 -1
302 261 1
302 317 1
302 329 1
302 497 1
303 30 1
303 33 1
303 36 1
303 72 1
303 191 -1
303 413 -1
303 426 1
303 434 1
303 506 1
304 46 1
304 114 -1
304 193 -1
304 262 3
304 268 1
304 515 1
304 546 -1
304 573 3
304 613 1
304 679 1
305 137 1
305 276 1
305 338 1
305 528 3
305 636 1
306 124 1
306 161 1
306 188 -1
306 378 -1
306 422 1
306 499 1
306 500 1
306 578 1
306 611 1
307 22 3
307 89 1
307 142 1
307 333 -1
307 345 3
307 487 1
307 553 1
307 571 1
307 581 1
308 1 1
308 9 1
308 138 -1
308 335 1
308 348 1
308 366 1
308 384 1
308 557 1
308 577 3
308 594 1
308 629 1
309 51 -1
309 76 -1
309 90 -1
309 305 -1
309 323 -1
309 420 -1
309 453 -1
309 482 5
309 491 -1
309 508 -1
309 520 -1
309 608 -1
310 62 3
310 95 1
310 244 3
310 292 1
310 378 1
310 667 3
311 6 1
311 28 1
311 54 -1
311 334 1
311 355 1
311 421 1
311 481 -1
311 537 1
311 557 1
311 628 1
312 81 3
312 106 1
312 133 5
312 153 3
312 164 1
312 198 1
312 372 1
312 392 3
312 441 1
312 490 5
312 679 3
313 38 1
313 222 1
313 237 1
313 592 -1
313 655 -1
314 380 1
314 381 1
314 388 1
315 187 1
315 217 5
315 490 5
315 523 1
315 587 3
315 598 5
316 17 3
316 75 1
316 107 1
316 342 3
316 395 3
316 426 3
316 501 1
316 552 3
316 602 3
317 90 1
317 190 3
317 238 1
317 239 1
317 251 3
317 253 1
317 450 1
317 523 -1
317 647 1
317 671 -1
317 677 1
318 1 1
318 43 1
318 129 1
318 279 1
318 511 1
318 526 1
318 535 1
318 538 3
318 559 1
318 594 1
319 76 1
319 103 3
319 184 -1
319 186 -1
319 188 -1
319 261 1
319 275 1
319 314 1
319 400 1
319 494 1
319 588 1
319 602 1
319 604 1
319 685 3
320 192 1
320 211 3
320 224 3
320 276 3
320 298 3
320 340 3
320 424 3
320 561 3
321 68 3
321 108 3
321 135 3
321 227 3
321 261 3
321 478 3
321 513 3
321 515 3
321 553 3
321 667 3
321 683 1
321 690 3
322 76 1
322 112 1
322 258 -1
322 321 -1
322 344 1
322 414 1
322 505 3
322 542 3
322 605 1
322 680 -1
323 15 1
323 71 1
323 73 1
323 85 3
323 191 -1
323 210 3
323 231 3
323 374 1
323 542 3
323 600 -1
323 663 3
323 688 1
323 691 1
324 461 -1
324 486 -1
324 545 -1
324 591 -1
324 644 -1
324 666 -1
325 54 1
325 105 3
325 180 3
325 228 3
325 282 1
325 293 3
325 339 3
325 368 3
325 448 3
325 496 5
325 500 3
325 615 3
325 649 3
326 97 1
326 162 3
326 485 7
326 566 1
326 641 5
327 104 1
327 210 3
327 328 -1
327 412 1
327 614 1
328 86 3
328 339 3
328 402 3
328 411 3
328 455 3
328 543 1
328 612 3
328 639 3
329 11 1
329 100 3
329 134 -1
329 275 1
329 312 -1
329 423 1
329 630 -1
330 159 -1
330 181 -1
330 225 -1
330 259 -1
330 264 1
330 293 -1
330 447 1
330 488 1
330 505 1
330 522 -1
330 547 -1
330 562 -1
330 569 -1
330 587 -1
330 624 1
330 668 -1
330 693 -1
331 47 -1
331 65 -1
331 147 -1
331 150 -1
331 489 -1
331 531 -1
331 567 -1
331 583 -1
331 617 -1
331 623 -1
331 626 -1
331 640 -1
331 654 -1
332 53 -1
332 119 -1
332 199 -1
332 238 -1
332 323 -1
332 399 -1
332 449 -1
332 505 1
332 513 -1
332 624 1
333 119 3
333 228 3
333 248 3
333 345 5
333 354 3
333 595 3
334 23 1
334 24 3
334 70 3
334 86 1
334 140 1
334 180 1
334 185 3
334 203 1
334 369 -1
334 397 1
334 416 -1
334 534 -1
334 539 -1
334 572 1
334 590 -1
334 644 1
334 655 -1
334 696 3
335 98 1
335 153 1
335 164 -1
335 167 1
335 169 1
335 209 3
335 339 1
335 360 1
335 410 1
335 450 1
335 452 1
335 618 1
335 622 -1
335 656 1
336 79 3
336 158 5
336 414 3
336 449 3
336 484 3
336 505 5
336 516 3
336 631 3
337 77 1
337 224 1
337 480 1
337 496 3
337 538 3
337 572 1
337 587 1
337 692 -1
338 15 1
338 89 1
338 91 -1
338 161 1
338 163 1
338 290 1
338 313 1
338 416 -1
338 548 1
338 601 1
338 643 3
338 652 3
338 656 1
338 678 1
339 123 1
339 231 3
339 245 1
339 288 5
339 433 -1
339 457 1
339 469 1
339 521 1
339 531 3
339 532 1
339 604 1
339 664 1
339 685 3
340 66 3
340 168 1
340 282 -1
340 412 1
340 526 1
340 578 1
340 634 1
341 64 3
341 72 3
341 175 3
341 177 3
341 230 3
341 284 5
341 320 1
341 330 5
341 419 3
341 614 3
341 658 3
341 663 5
342 105 1
342 163 1
342 196 1
342 198 -1
342 268 1
342 278 3
342 325 -1
342 374 1
342 398 1
342 469 1
342 482 7
342 534 -1
343 73 1
343 134 -1
343 193 -1
343 379 1
343 520 1
343 550 3
343 567 3
343 574 -1
343 698 1
343 699 1
344 55 1
344 154 1
344 213 -1
344 301 1
344 341 -1
344 343 1
344 442 1
344 444 -1
344 553 1
344 588 1
344 613 1
344 615 1
344 638 3
344 659 1
344 698 1
345 11 -1
345 36 -1
345 128 -1
345 153 -1
345 272 -1
345 408 -1
345 414 -1
345 508 -1
345 519 -1
345 580 -1
345 676 -1
346 197 1
346 249 1
346 257 -1
346 501 -1
346 514 1
346 531 3
346 539 -1
347 5 1
347 12 1
347 133 3
347 184 -1
347 225 1
347 229 1
347 287 1
347 486 1
347 506 1
347 556 1
347 639 1
347 650 1
348 7 -1
348 51 1
348 161 1
348 162 1
348 238 1
348 317 1
348 338 1
348 399 1
348 445 -1
348 649 1
349 157 1
349 175 1
349 184 -1
349 191 -1
349 242 1
349 247 1
349 561 1
349 604 1
349 635 1
350 153 1
350 289 1
350 320 -1
350 355 1
350 363 3
350 367 1
350 376 1
350 417 1
350 421 1
350 442 1
350 465 1
350 525 1
350 541 1
350 576 -1
350 676 1
351 99 3
351 106 1
351 225 3
351 350 3
351 372 1
351 376 3
351 380 3
351 523 1
351 624 5
351 690 3
351 695 5
352 157 1
352 239 1
352 268 1
352 326 -1
352 345 3
352 476 -1
352 488 3
353 4 1
353 94 1
353 105 1
353 109 1
353 110 1
353 228 1
353 267 -1
353 274 1
353 277 1
353 287 1
353 344 1
353 461 1
353 528 3
353 543 -1
353 622 -1
353 667 1
354 25 1
354 166 -1
354 183 1
354 209 3
354 243 1
354 338 1
354 413 -1
354 514 1
354 563 -1
354 569 1
355 16 5
355 31 1
355 91 -1
355 139 1
355 150 3
355 161 1
355 237 1
355 261 1
355 411 1
355 575 1
355 637 1
356 57 3
356 81 1
356 83 -1
356 95 -1
356 129 1
356 220 1
356 564 -1
356 579 1
356 621 -1
356 677 1
356 695 3
357 178 1
357 202 -1
357 240 -1
357 346 1
357 400 1
357 403 1
357 476 -1
357 562 1
357 609 -1
357 614 1
357 620 1
357 638 3
357 653 -1
357 687 1
358 127 3
358 299 1
358 560 -1
358 582 3
359 2 1
359 30 1
359 123 1
359 182 -1
359 287 1
359 415 -1
359 478 1
359 657 -1
360 19 1
360 25 1
360 56 -1
360 77 1
360 334 1
360 452 1
360 484 1
360 540 -1
360 569 1
360 573 3
360 676 1
361 5 1
361 34 1
361 119 1
361 120 -1
361 122 -1
361 130 3
361 133 3
361 230 1
361 299 1
361 308 1
361 354 1
361 363 3
361 478 1
361 566 -1
362 6 3
362 73 3
362 445 1
362 465 3
363 15 -1
363 84 -1
363 119 -1
363 261 -1
363 375 -1
363 562 -1
364 66 5
364 124 3
364 132 1
364 222 3
364 315 1
364 336 1
364 389 3
364 394 3
364 410 3
364 488 5
364 514 3
364 526 3
365 230 3
365 294 3
365 322 3
366 228 1
366 232 5
366 255 -1
366 452 1
366 456 -1
366 526 1
366 567 3
366 661 1
366 664 1
367 59 1
367 116 1
367 378 -1
367 443 1
367 527 1
368 19 1
368 287 1
368 293 1
368 385 3
368 462 1
368 520 1
368 523 -1
368 643 3
368 661 1
368 691 1
368 696 3
369 41 1
369 60 3
369 204 5
369 234 3
369 468 3
369 474 3
369 503 3
369 646 3
369 647 3
369 669 1
370 1 1
370 71 1
370 124 1
370 198 -1
370 203 1
370 268 1
370 304 1
370 398 1
370 430 1
370 437 1
370 542 3
370 574 -1
370 676 1
371 34 3
371 223 1
371 253 3
371 325 1
371 347 3
371 383 3
371 435 5
371 477 3
371 482 9
371 604 3
371 623 5
371 653 1
372 7 1
372 15 3
372 29 3
372 117 3
372 123 3
372 152 1
372 156 3
372 184 1
372 340 3
372 346 3
372 380 3
372 404 3
372 554 1
372 565 1
372 620 3
372 652 5
372 680 1
373 19 1
373 107 -1
373 110 1
373 196 1
373 216 1
373 299 1
373 307 1
373 372 -1
373 470 1
373 605 1
374 11 1
374 119 1
374 179 3
374 264 3
374 278 3
374 284 3
374 419 1
374 420 1
374 429 1
374 526 1
374 658 1
375 37 3
375 163 1
375 182 -1
375 186 -1
375 342 1
375 377 3
375 440 1
375 553 1
375 658 1
376 46 1
376 55 1
376 151 1
376 188 -1
376 200 1
376 212 1
376 307 1
376 319 1
376 595 1
376 604 1
377 64 -1
377 89 -1
377 94 -1
377 139 -1
377 142 -1
377 211 -1
377 307 -1
377 581 -1
377 593 -1
377 654 1
377 694 -1
378 136 5
378 227 3
378 325 1
378 493 5
378 520 3
378 537 3
378 627 1
378 687 3
379 33 1
379 42 1
379 89 1
379 156 1
379 208 1
379 238 1
379 266 1
379 358 1
379 391 -1
379 592 -1
379 647 1
379 661 1
380 9 1
380 65 3
380 233 3
380 249 1
380 317 1
380 409 1
380 423 1
380 528 3
380 574 -1
380 620 1
380 667 1
381 37 3
381 80 1
381 114 -1
381 236 -1
381 285 3
381 369 -1
381 551 1
381 604 1
381 606 1
382 98 3
382 113 1
382 155 5
382 241 3
382 344 3
382 442 3
382 448 3
382 469 3
382 494 3
382 645 3
382 661 3
382 668 3
383 32 -1
383 62 1
383 68 1
383 136 3
383 296 1
383 418 1
383 465 1
383 510 1
383 560 -1
383 584 1
384 181 1
384 206 -1
384 312 -1
384 332 3
384 402 1
384 409 1
384 416 -1
384 554 -1
385 73 -1
385 118 -1
385 225 -1
385 512 -1
385 535 -1
385 541 -1
385 569 -1
385 648 -1
386 24 5
386 89 3
386 235 3
386 273 3
386 281 3
386 282 1
386 321 1
386 327 3
386 459 3
386 497 3
386 606 3
387 24 -1
387 85 -1
387 260 -1
387 278 -1
387 330 -1
387 345 -1
387 447 -1
387 488 -1
387 493 -1
387 496 -1
387 550 -1
387 573 -1
387 638 -1
387 696 -1
388 4 1
388 28 1
388 48 1
388 172 1
388 191 -1
388 234 1
388 302 1
388 351 -1
388 398 1
388 457 1
388 526 1
388 550 3
388 618 1
389 295 1
389 430 1
389 517 1
389 535 1
389 613 1
389 643 3
389 659 1
389 660 1
390 50 1
390 126 3
390 133 5
390 136 5
390 176 7
390 222 3
390 399 3
390 402 3
390 569 3
390 630 1
390 662 3
390 677 3
391 42 3
391 156 3
391 333 1
391 405 3
391 477 3
391 620 3
391 631 3
391 677 3
391 698 3
391 699 3
392 145 1
392 188 -1
392 280 1
392 319 1
392 322 1
392 378 -1
392 411 1
392 553 1
392 584 1
392 631 1
393 8 1
393 55 1
393 125 1
393 165 3
393 343 1
393 401 -1
393 473 1
393 540 -1
393 669 -1
394 105 1
394 155 3
394 260 3
394 321 -1
394 374 1
394 471 1
394 518 -1
394 645 1
395 34 1
395 58 -1
395 104 1
395 118 1
395 131 1
395 145 1
395 180 1
395 485 5
395 532 1
395 576 -1
395 584 1
396 4 3
396 55 3
396 112 3
396 127 5
396 247 3
396 273 3
396 289 3
396 353 3
396 542 5
396 549 3
396 556 3
396 669 1
397 139 1
397 171 -1
397 212 1
397 232 5
397 603 -1
397 606 1
398 99 1
398 165 3
398 235 1
398 252 1
398 312 -1
398 486 1
398 490 3
398 530 -1
398 579 1
398 642 1
398 671 -1
399 110 1
399 118 1
399 174 3
399 216 1
399 259 1
399 390 -1
399 413 -1
399 450 1
399 651 1
399 666 1
400 16 5
400 17 1
400 120 -1
400 131 1
400 253 1
400 284 3
400 334 1
400 361 1
400 370 1
400 486 1
400 592 -1
400 687 1
401 11 3
401 56 1
401 66 5
401 173 7
401 222 3
401 267 1
401 290 3
401 447 5
401 592 1
401 648 3
402 53 1
402 93 -1
402 269 1
402 292 -1
402 298 1
402 409 1
402 538 3
402 552 1
402 651 1
403 231 3
403 272 1
403 502 -1
403 663 3
404 18 1
404 32 -1
404 36 1
404 148 1
404 214 -1
404 224 1
404 232 5
404 270 1
404 290 1
404 387 5
404 668 1
405 48 1
405 250 1
405 322 1
405 381 1
405 556 1
405 562 1
405 580 1
405 642 1
405 697 1
406 24 3
406 75 -1
406 113 -1
406 180 1
406 185 3
406 233 3
406 254 1
406 341 -1
406 408 1
406 643 3
407 14 1
407 151 1
407 396 -1
407 604 1
407 671 -1
407 673 3
408 71 1
408 231 3
408 354 1
408 401 -1
408 486 1
408 528 3
408 669 -1
408 686 1
409 5 1
409 10 1
409 29 1
409 155 3
409 181 1
409 248 1
409 380 1
409 393 1
409 395 1
409 404 1
409 464 3
409 537 1
409 580 1
409 581 1
409 686 1
410 35 3
410 97 -1
410 117 1
410 198 -1
410 270 1
410 282 -1
410 296 1
410 323 1
410 353 1
410 382 -1
410 476 -1
410 478 1
410 490 3
410 503 1
410 620 1
411 244 1
411 366 1
411 420 1
411 536 3
411 537 1
412 3 1
412 47 3
412 66 3
412 105 1
412 174 3
412 334 1
412 426 1
412 458 1
413 2 3
413 5 3
413 70 5
413 169 3
413 172 3
413 178 3
413 247 3
413 262 5
413 506 3
413 541 3
413 669 1
414 358 1
414 447 3
414 500 1
414 557 1
414 576 -1
414 622 -1
415 13 3
415 112 3
415 130 5
415 217 5
415 281 3
415 346 3
415 350 3
415 399 3
415 651 3
416 280 3
416 357 3
416 446 3
416 566 1
416 614 3
416 647 3
416 656 3
416 663 5
417 31 1
417 44 1
417 61 -1
417 82 1
417 124 1
417 131 1
417 249 1
417 380 1
417 396 -1
417 435 3
417 477 1
417 493 3
417 519 1
417 617 3
417 623 3
417 697 1
418 67 1
418 165 3
418 264 3
418 285 3
418 392 1
418 424 1
418 454 1
418 531 3
418 601 1
419 82 1
419 161 1
419 168 1
419 307 1
419 353 1
419 379 1
419 427 1
419 459 1
419 496 3
419 625 3
419 633 3
420 188 -1
420 196 1
420 224 1
420 228 1
420 236 -1
420 301 1
420 352 1
420 370 1
420 392 1
420 419 1
420 491 1
420 638 3
421 17 1
421 21 -1
421 173 5
421 219 1
421 234 1
421 255 -1
421 256 1
421 415 -1
421 452 1
421 464 3
421 513 1
421 543 -1
421 613 1
421 665 1
421 671 -1
422 26 1
422 33 1
422 150 3
422 259 1
422 330 3
422 467 1
422 468 1
422 619 1
422 627 -1
422 678 1
423 123 1
423 179 3
423 260 3
423 354 1
423 452 1
423 475 1
423 497 1
423 531 3
423 615 1
424 36 1
424 139 1
424 247 1
424 264 3
424 309 3
424 339 1
424 443 1
424 476 -1
424 583 3
424 604 1
425 38 1
425 141 -1
425 171 -1
425 192 -1
425 434 1
425 453 1
425 463 -1
425 466 1
425 509 -1
425 523 -1
426 15 1
426 203 1
426 245 1
426 273 1
426 409 1
426 461 1
426 673 3
426 676 1
426 691 1
427 40 -1
427 107 -1
427 305 1
427 539 -1
427 567 3
427 606 1
427 617 3
428 11 1
428 13 1
428 77 1
428 105 1
428 145 1
428 235 1
428 279 1
428 281 1
428 435 3
428 506 1
428 621 -1
428 635 1
428 636 1
428 681 1
428 691 1
429 46 1
429 73 1
429 86 1
429 128 1
429 345 3
429 374 1
429 387 5
429 408 1
429 534 -1
429 583 3
429 691 1
430 277 1
430 322 1
430 497 1
430 532 1
430 539 -1
430 550 3
430 568 1
430 571 1
430 692 -1
431 113 -1
431 127 3
431 183 1
431 232 5
431 282 -1
431 318 1
431 441 -1
431 543 -1
431 547 1
431 677 1
431 678 1
432 20 -1
432 31 1
432 43 1
432 53 1
432 100 3
432 146 -1
432 207 1
432 215 -1
432 244 1
432 293 1
432 346 1
432 437 1
432 502 -1
432 568 1
433 171 1
433 187 1
433 270 3
433 313 3
433 343 3
433 361 3
433 390 1
433 501 1
433 504 1
433 537 3
433 615 3
433 646 3
434 9 1
434 58 -1
434 257 -1
434 360 1
434 526 1
434 530 -1
434 564 -1
434 588 1
435 115 1
435 180 -1
435 212 -1
435 346 -1
435 399 -1
435 421 -1
435 471 -1
435 472 -1
436 114 -1
436 162 1
436 346 1
436 426 1
436 587 1
437 306 1
437 332 3
437 419 1
437 470 1
437 475 1
437 645 1
438 23 1
438 28 1
438 256 1
438 275 1
438 430 1
439 36 1
439 47 3
439 106 -1
439 158 3
439 193 -1
439 219 1
439 283 1
439 309 3
439 341 -1
439 371 -1
439 688 1
440 1 1
440 30 1
440 113 -1
440 150 3
440 314 1
440 352 1
440 371 -1
440 423 1
440 509 -1
440 567 3
440 582 3
440 650 1
441 47 5
441 169 3
441 255 1
441 277 3
441 366 3
441 539 1
441 614 3
441 679 3
442 132 -1
442 200 1
442 217 3
442 224 1
442 250 1
442 377 3
442 398 1
442 406 1
442 473 1
442 501 -1
443 34 1
443 36 1
443 113 -1
443 270 1
443 690 1
444 71 3
444 136 5
444 138 1
444 187 1
444 233 5
444 544 1
444 631 3
445 24 5
445 56 1
445 166 1
445 196 3
445 261 3
445 452 3
445 550 5
445 651 3
445 670 3
445 672 3
446 65 3
446 122 -1
446 143 1
446 255 -1
446 409 1
446 554 -1
447 8 -1
447 17 -1
447 23 -1
447 119 -1
447 239 -1
447 254 -1
447 354 -1
447 385 1
447 457 -1
447 633 1
448 182 -1
448 186 -1
448 259 1
448 397 1
448 416 -1
448 432 1
448 465 1
448 516 1
448 530 -1
448 600 -1
449 144 1
449 181 1
449 234 1
449 303 1
449 318 1
449 339 1
449 386 -1
449 426 1
449 537 1
450 147 3
450 180 1
450 198 -1
450 225 1
450 233 3
450 254 1
450 256 1
450 258 -1
450 276 1
450 359 1
450 432 1
450 609 -1
451 11 3
451 236 1
451 390 1
451 424 3
451 432 3
451 495 1
451 531 5
451 691 3
452 38 1
452 54 -1
452 55 1
452 133 3
452 203 1
452 386 -1
452 554 -1
452 584 1
452 586 -1
452 607 3
452 644 1
452 645 1
453 14 1
453 76 1
453 481 -1
454 5 1
454 68 1
454 96 -1
454 270 1
454 486 1
454 522 1
454 566 -1
454 604 1
454 652 3
454 662 1
454 683 -1
455 136 3
455 203 1
455 228 1
455 243 1
455 268 1
455 395 1
455 497 1
455 514 1
455 545 1
455 585 -1
456 21 1
456 112 3
456 116 3
456 229 3
456 257 1
456 303 3
456 632 3
456 694 3
457 24 3
457 59 1
457 61 -1
457 77 1
457 101 1
457 148 1
457 183 1
457 272 1
457 289 1
457 293 1
457 407 1
457 477 1
457 513 1
457 613 1
457 616 1
458 32 -1
458 181 1
458 325 -1
458 419 1
458 466 1
458 555 1
458 615 1
458 619 1
458 638 3
458 686 1
459 33 1
459 61 -1
459 130 3
459 235 1
459 353 1
459 359 1
459 474 1
459 542 3
459 585 -1
459 586 -1
459 635 1
460 104 3
460 124 3
460 228 3
460 343 3
460 421 3
460 518 1
460 689 3
460 696 5
461 14 1
461 16 5
461 42 1
461 55 1
461 69 1
461 79 1
461 143 1
461 334 1
461 388 1
461 392 1
461 395 1
461 398 1
461 504 -1
461 531 3
461 537 1
461 592 -1
461 651 1
461 675 1
462 28 1
462 71 1
462 102 1
462 104 1
462 122 -1
462 196 1
462 197 1
462 460 -1
462 609 -1
462 678 1
463 79 3
463 95 1
463 162 3
463 174 5
463 187 1
463 276 3
463 370 3
463 597 3
463 687 3
464 51 -1
464 84 -1
464 117 -1
464 211 -1
464 466 -1
464 659 -1
464 662 -1
464 686 -1
465 21 -1
465 88 -1
465 101 1
465 135 1
465 182 -1
465 332 3
465 341 -1
465 364 -1
465 493 3
465 526 1
465 564 -1
465 695 3
466 52 3
466 111 1
466 306 1
466 374 1
466 390 -1
466 415 -1
466 519 1
466 568 1
466 609 -1
466 620 1
466 677 1
467 207 1
467 210 3
467 240 -1
467 260 3
467 264 3
467 347 1
467 376 1
467 436 1
467 582 3
467 595 1
467 683 -1
468 28 1
468 34 1
468 93 -1
468 230 1
468 243 1
468 312 -1
468 345 3
468 364 -1
468 553 1
468 557 1
468 625 3
469 188 -1
469 212 1
469 367 1
469 422 1
469 538 3
469 653 -1
469 693 1
470 87 1
470 167 1
470 207 1
470 254 1
470 326 -1
470 382 -1
470 434 1
470 519 1
471 25 1
471 86 1
471 118 1
471 129 1
471 273 1
471 289 1
471 313 1
471 438 1
471 555 1
471 601 1
472 53 1
472 200 1
472 290 1
472 564 -1
472 572 1
472 665 1
473 21 -1
473 217 3
473 283 1
473 416 -1
473 435 3
473 470 1
474 44 1
474 146 -1
474 249 1
474 267 -1
474 379 1
474 467 1
474 499 1
474 541 1
474 547 1
475 29 1
475 199 1
475 279 1
475 312 -1
475 326 -1
475 519 1
476 20 1
476 217 5
476 218 1
476 376 3
476 402 3
476 546 1
476 577 5
476 631 3
477 6 1
477 46 1
477 73 1
477 210 3
477 231 3
477 340 1
477 384 1
477 388 1
477 438 1
477 498 1
477 518 -1
477 522 1
477 550 3
477 607 3
477 668 1
478 37 3
478 72 1
478 180 1
478 281 1
478 372 -1
478 442 1
478 532 1
478 634 1
479 176 5
479 190 3
479 236 -1
479 439 1
479 538 3
479 577 3
479 612 1
479 618 1
479 632 1
480 22 3
480 156 1
480 197 1
480 218 -1
480 377 3
480 596 -1
480 685 3
481 39 3
481 55 3
481 75 1
481 138 1
481 189 1
481 247 3
481 258 1
481 266 3
481 309 5
481 331 7
481 405 3
481 426 3
481 553 3
481 569 3
481 584 3
481 685 5
482 16 -1
482 27 -1
482 173 -1
482 176 -1
482 232 -1
482 288 -1
482 331 -1
482 387 -1
482 485 -1
483 18 1
483 42 1
483 220 1
483 347 1
483 373 1
483 387 5
483 474 1
483 513 1
483 542 3
483 575 1
483 665 1
484 13 1
484 51 1
484 53 1
484 68 1
484 129 1
484 131 1
484 166 -1
484 289 1
484 455 1
484 537 1
484 659 1
485 65 -1
485 66 -1
485 103 -1
485 127 -1
485 136 -1
485 262 -1
485 265 -1
485 285 -1
485 324 -1
485 464 -1
485 505 -1
485 528 -1
485 695 -1
486 179 3
486 256 1
486 309 3
486 341 -1
486 674 1
487 5 1
487 8 1
487 48 1
487 95 -1
487 199 1
487 206 -1
487 221 -1
487 425 1
487 432 1
487 475 1
487 611 1
487 655 -1
487 657 -1
487 696 3
487 697 1
488 19 -1
488 27 3
488 110 -1
488 112 -1
488 118 -1
488 203 -1
488 297 -1
488 409 -1
488 464 1
489 52 1
489 143 -1
489 307 -1
489 350 -1
489 387 3
489 392 -1
489 578 -1
489 641 1
489 654 1
489 687 -1
490 47 1
490 163 -1
490 190 1
490 348 -1
490 355 -1
490 536 1
490 625 1
490 631 -1
491 56 -1
491 84 1
491 86 1
491 102 1
491 193 -1
491 269 1
491 290 1
491 328 -1
491 360 1
491 408 1
491 450 1
491 543 -1
491 546 -1
491 605 1
492 100 3
492 128 1
492 133 3
492 158 3
492 160 1
492 173 5
492 185 3
492 190 3
492 313 1
492 362 -1
492 463 -1
492 487 1
492 520 1
492 525 1
492 568 1
492 612 1
492 643 3
492 682 3
492 691 1
493 28 -1
493 102 -1
493 176 3
493 263 -1
493 353 -1
493 410 -1
493 436 -1
493 471 -1
493 510 -1
493 526 -1
493 547 -1
493 617 1
493 661 -1
493 696 1
494 25 1
494 118 1
494 123 1
494 130 3
494 144 1
494 278 3
494 612 1
494 645 1
494 647 1
494 659 1
495 93 1
495 108 3
495 175 3
495 238 3
495 305 3
495 326 1
495 544 1
495 572 3
495 586 1
495 610 1
496 39 -1
496 160 -1
496 288 3
496 319 -1
496 357 -1
496 425 -1
496 493 1
496 612 -1
497 21 -1
497 62 1
497 69 1
497 122 -1
497 234 1
497 322 1
497 343 1
497 476 -1
497 561 1
497 591 1
497 680 -1
498 19 1
498 127 3
498 224 1
498 389 1
498 606 1
499 131 1
499 136 3
499 160 1
499 362 -1
499 397 1
499 420 1
499 506 1
499 551 1
499 605 1
500 29 1
500 133 3
500 295 1
500 405 1
500 520 1
500 538 3
500 596 -1
501 143 3
501 210 5
501 219 3
501 223 1
501 225 3
501 401 1
502 21 1
502 27 7
502 53 3
502 101 3
502 312 1
502 453 3
502 457 3
502 556 3
502 562 3
503 6 1
503 226 1
503 408 1
503 460 -1
503 473 1
503 483 1
503 531 3
503 532 1
503 696 3
504 5 3
504 62 3
504 113 1
504 174 5
504 284 5
504 295 3
504 359 3
504 442 3
504 505 5
504 552 3
504 572 3
504 617 5
504 668 3
504 687 3
505 14 -1
505 34 -1
505 244 -1
505 303 -1
505 407 -1
505 420 -1
505 547 -1
505 571 -1
505 588 -1
505 625 1
505 661 -1
506 44 1
506 71 1
506 166 -1
506 189 -1
506 216 1
506 372 -1
506 527 1
506 594 1
506 595 1
506 616 1
507 113 -1
507 118 1
507 128 1
507 358 1
507 562 1
507 628 1
507 648 1
507 692 -1
508 71 1
508 100 3
508 239 1
508 310 -1
508 325 -1
508 341 -1
508 345 3
508 366 1
508 440 1
508 453 1
508 527 1
508 529 1
508 657 -1
508 681 1
508 689 1
509 166 1
509 522 3
509 553 3
509 605 3
509 637 3
509 648 3
510 149 1
510 238 1
510 389 1
510 438 1
510 446 1
510 460 -1
510 479 1
510 547 1
510 584 1
511 139 1
511 151 1
511 239 1
511 387 5
511 510 1
511 534 -1
511 577 3
512 3 1
512 9 1
512 36 1
512 72 1
512 93 -1
512 99 1
512 146 -1
512 190 3
512 260 3
512 294 1
512 366 1
512 403 1
512 408 1
512 562 1
512 573 3
512 589 1
512 590 -1
512 596 -1
513 10 1
513 76 1
513 131 1
513 263 1
513 298 1
513 357 1
513 492 1
513 632 1
513 658 1
513 670 1
513 675 1
513 698 1
514 40 -1
514 50 -1
514 67 1
514 100 3
514 195 1
514 245 1
514 327 1
514 392 1
514 400 1
514 401 -1
515 55 1
515 102 1
515 160 1
515 166 -1
515 195 1
515 263 1
515 375 1
515 398 1
515 406 1
515 475 1
515 555 1
515 602 1
515 607 3
515 653 -1
515 684 1
516 47 3
516 56 -1
516 86 1
516 182 -1
516 185 3
516 258 -1
516 266 1
516 279 1
516 315 -1
516 351 -1
516 385 3
516 424 1
516 471 1
516 484 1
516 492 1
516 551 1
516 571 1
516 619 1
516 623 3
517 93 -1
517 102 1
517 132 -1
517 465 1
517 655 -1
518 23 3
518 73 3
518 80 3
518 97 1
518 213 1
518 218 1
518 269 3
518 357 3
518 384 3
518 486 3
518 552 3
518 633 5
519 72 1
519 78 1
519 115 3
519 137 1
519 143 1
519 409 1
519 476 -1
519 498 1
519 502 -1
519 535 1
519 586 -1
519 638 3
519 641 3
519 668 1
519 683 -1
520 4 1
520 130 3
520 162 1
520 263 1
520 298 1
520 358 1
520 445 -1
520 482 7
520 508 1
520 565 -1
521 106 -1
521 115 3
521 118 1
521 120 -1
521 164 -1
521 168 1
521 227 1
521 269 1
521 313 1
521 339 1
521 419 1
521 466 1
521 474 1
521 487 1
521 490 3
521 546 -1
521 569 1
521 593 1
521 649 1
521 670 1
522 70 3
522 119 1
522 221 -1
522 376 1
522 570 1
522 621 -1
522 643 3
522 650 1
523 106 1
523 125 3
523 225 3
523 279 3
523 321 1
523 345 5
523 355 3
523 559 3
523 619 3
523 645 3
523 682 5
524 9 -1
524 18 -1
524 220 -1
524 269 -1
524 284 1
524 299 -1
524 532 -1
524 561 -1
525 47 3
525 51 1
525 53 1
525 61 -1
525 154 1
525 173 5
525 246 -1
525 263 1
525 397 1
525 544 -1
525 552 1
525 569 1
525 673 3
525 686 1
526 88 -1
526 114 -1
526 183 1
526 213 -1
526 368 1
526 408 1
526 430 1
526 441 -1
526 502 -1
526 506 1
526 604 1
527 169 1
527 246 -1
527 287 1
527 325 -1
527 456 -1
527 644 1
527 660 1
528 24 1
528 29 -1
528 34 -1
528 172 -1
528 179 1
528 183 -1
528 194 -1
528 249 -1
528 678 -1
529 30 1
529 57 3
529 144 1
529 231 3
529 466 1
529 480 1
529 547 1
530 19 3
530 22 5
530 305 3
530 333 1
530 514 3
530 591 3
531 5 -1
531 8 -1
531 26 -1
531 116 -1
531 144 -1
531 204 1
531 241 -1
531 244 -1
531 250 -1
531 430 -1
531 461 -1
531 548 -1
531 665 -1
532 38 1
532 286 -1
532 348 1
532 375 1
532 378 -1
532 457 1
532 501 -1
532 543 -1
532 599 1
532 685 3
532 694 1
533 146 -1
533 220 1
533 222 1
533 239 1
533 316 -1
533 396 -1
533 406 1
533 466 1
533 600 -1
533 620 1
534 53 3
534 121 3
534 141 1
534 198 1
534 260 5
534 407 3
534 501 1
534 618 3
535 47 3
535 149 1
535 194 1
535 202 -1
535 234 1
535 333 -1
535 478 1
535 549 1
535 563 -1
535 611 1
535 640 3
535 699 1
536 235 -1
536 252 -1
536 383 -1
536 434 -1
536 542 1
536 626 1
537 131 1
537 145 1
537 166 -1
537 226 1
537 367 1
537 378 -1
537 431 1
537 469 1
537 485 5
537 556 1
537 591 1
537 678 1
538 38 -1
538 124 -1
538 137 -1
538 203 -1
538 204 1
538 276 -1
538 308 -1
538 348 -1
538 379 -1
538 404 -1
538 442 -1
538 580 -1
539 54 1
539 185 5
539 211 3
539 278 5
539 376 3
539 475 3
539 520 3
539 648 3
539 650 3
539 661 3
539 681 3
539 687 3
540 44 3
540 52 5
540 71 3
540 104 3
540 110 3
540 586 1
540 636 3
540 652 5
541 63 -1
541 110 1
541 135 1
541 377 3
541 627 -1
542 17 -1
542 148 -1
542 306 -1
542 558 -1
543 29 3
543 31 3
543 36 3
543 43 3
543 77 3
543 188 1
543 233 5
543 243 3
543 272 3
543 355 3
543 448 3
543 476 1
544 87 3
544 246 1
544 250 3
544 328 1
544 353 3
544 600 1
545 109 1
545 147 3
545 193 -1
545 217 3
545 262 3
545 344 1
545 351 -1
545 479 1
545 507 1
545 513 1
546 78 3
546 142 3
546 155 5
546 193 1
546 236 1
546 325 1
546 491 3
546 496 5
546 500 3
546 580 3
546 602 3
546 603 1
546 623 5
546 642 3
547 33 1
547 192 -1
547 561 1
547 582 3
548 7 -1
548 88 -1
548 103 3
548 178 1
548 186 -1
548 208 1
548 335 1
548 378 -1
548 474 1
548 506 1
548 575 1
549 64 1
549 270 1
549 460 -1
549 467 1
549 491 1
549 517 1
549 539 -1
549 557 1
549 572 1
549 583 3
549 699 1
550 36 -1
550 99 -1
550 234 -1
550 305 -1
550 440 -1
550 676 -1
550 696 1
551 238 1
551 356 1
551 456 -1
551 507 1
551 573 3
552 12 1
552 29 1
552 47 3
552 209 3
552 232 5
552 294 1
552 299 1
552 525 1
553 3 1
553 52 3
553 88 -1
553 105 1
553 279 1
553 337 1
553 452 1
553 479 1
553 487 1
553 523 -1
553 555 1
553 681 1
554 145 3
554 206 1
554 262 5
554 346 3
554 373 3
554 375 3
554 552 3
555 8 1
555 36 1
555 127 3
555 160 1
555 252 1
555 300 1
555 317 1
555 357 1
555 583 3
556 15 1
556 41 -1
556 205 1
556 270 1
556 286 -1
556 287 1
556 328 -1
556 502 -1
556 510 1
556 581 1
556 638 3
556 652 3
557 47 3
557 69 1
557 278 3
557 282 -1
557 307 1
557 394 1
557 434 1
557 652 3
557 665 1
558 3 1
558 139 1
558 325 -1
558 396 -1
558 443 1
558 461 1
558 477 1
558 596 -1
558 610 -1
558 638 3
559 86 1
559 113 -1
559 315 -1
559 403 1
559 404 1
559 468 1
559 614 1
559 698 1
560 95 1
560 172 3
560 469 3
560 498 3
560 502 1
560 564 1
560 644 3
561 23 1
561 54 -1
561 81 1
561 370 1
561 433 -1
561 435 3
561 510 1
561 516 1
562 111 1
562 283 1
562 334 1
562 588 1
562 640 3
562 696 3
563 2 3
563 31 3
563 46 3
563 99 3
563 111 3
563 126 3
563 207 3
563 210 5
563 263 3
563 497 3
563 507 3
563 600 1
563 601 3
563 662 3
564 155 5
564 206 1
564 262 5
564 319 3
564 324 5
564 379 3
564 436 3
564 494 3
564 534 1
564 632 3
565 122 1
565 128 3
565 137 3
565 199 3
565 200 3
565 241 3
565 260 5
565 261 3
565 400 3
565 457 3
565 476 1
566 5 3
566 126 3
566 134 1
566 138 1
566 180 3
566 213 1
566 286 1
566 450 3
566 517 3
566 640 5
566 666 3
566 689 3
567 26 -1
567 449 -1
567 474 -1
567 525 -1
567 537 -1
567 557 -1
567 618 -1
567 626 1
567 634 -1
567 695 1
568 310 -1
568 342 1
568 428 1
568 525 1
568 554 -1
568 654 3
568 655 -1
568 682 3
569 52 3
569 116 1
569 177 1
569 279 1
569 360 1
569 378 -1
570 72 1
570 163 1
570 172 1
570 251 3
570 361 1
570 437 1
570 543 -1
570 581 1
570 635 1
571 30 1
571 147 3
571 180 1
571 185 3
571 350 1
571 421 1
571 446 1
571 448 1
571 524 3
571 537 1
571 563 -1
571 630 -1
571 684 1
572 30 1
572 48 1
572 64 1
572 144 1
572 146 -1
572 201 1
572 249 1
572 336 -1
572 357 1
572 367 1
572 627 -1
572 687 1
573 22 1
573 62 -1
573 77 -1
573 78 -1
573 140 -1
573 181 -1
573 228 -1
573 287 -1
573 384 -1
573 402 -1
573 477 -1
573 511 -1
573 517 -1
573 616 -1
573 675 -1
574 100 5
574 117 3
574 125 3
574 164 1
574 242 3
574 327 3
574 358 3
574 679 3
575 23 1
575 38 1
575 116 1
575 239 1
575 309 3
575 349 1
575 413 -1
575 532 1
575 557 1
575 655 -1
576 212 3
576 307 3
576 351 1
576 396 1
576 413 1
576 425 3
576 444 1
576 467 3
576 512 3
576 689 3
576 699 3
577 69 -1
577 123 -1
577 465 -1
577 510 -1
577 594 -1
578 88 -1
578 270 1
578 277 1
578 292 -1
578 314 1
578 326 -1
578 424 1
578 443 1
578 536 3
578 557 1
578 619 1
579 25 1
579 42 1
579 65 3
579 78 1
579 94 1
579 117 1
579 139 1
579 201 1
579 213 -1
579 216 1
579 248 1
579 292 -1
579 316 -1
579 361 1
579 576 -1
579 628 1
579 692 -1
580 110 1
580 145 1
580 179 3
580 241 1
580 251 3
580 359 1
580 393 1
580 419 1
580 493 3
580 514 1
580 542 3
580 650 1
580 652 3
581 76 1
581 214 -1
581 259 1
581 263 1
581 305 1
581 346 1
581 415 -1
581 534 -1
581 571 1
581 591 1
581 698 1
582 98 -1
582 200 -1
582 235 -1
582 265 1
582 295 -1
582 432 -1
582 459 -1
582 507 -1
582 636 -1
582 676 -1
583 162 -1
583 256 -1
583 270 -1
583 281 -1
583 311 -1
583 318 -1
583 358 -1
583 598 1
583 619 -1
584 59 1
584 156 1
584 202 -1
584 211 1
584 218 -1
584 261 1
584 332 3
584 393 1
584 573 3
584 637 1
584 641 3
584 668 1
585 39 3
585 47 5
585 63 1
585 139 3
585 149 3
585 197 3
585 238 3
585 613 3
586 104 3
586 162 3
586 246 1
586 408 3
586 422 3
586 476 1
586 549 3
586 553 3
587 52 3
587 142 1
587 145 1
587 174 3
587 280 1
587 485 5
587 512 1
587 560 -1
587 608 1
587 611 1
587 635 1
588 60 1
588 66 3
588 87 1
588 122 -1
588 188 -1
588 419 1
588 505 3
588 659 1
589 36 1
589 165 3
589 173 5
589 315 -1
589 427 1
589 441 -1
589 480 1
589 689 1
590 20 1
590 50 1
590 60 3
590 75 1
590 83 1
590 105 3
590 176 7
590 208 3
590 264 5
590 303 3
590 310 1
590 599 3
591 41 -1
591 62 1
591 208 1
591 250 1
591 253 1
591 260 3
591 402 1
591 495 -1
591 504 -1
591 527 1
591 555 1
591 621 -1
592 29 3
592 46 3
592 68 3
592 139 3
592 170 3
592 289 3
592 318 3
592 380 3
592 420 3
592 586 1
592 600 1
592 602 3
592 679 3
593 26 1
593 52 3
593 167 1
593 255 -1
593 334 1
593 377 3
593 446 1
593 447 3
593 488 3
593 514 1
593 525 1
594 61 -1
594 149 1
594 177 1
594 263 1
594 357 1
594 371 -1
594 379 1
594 423 1
594 542 3
594 551 1
594 573 3
594 611 1
594 634 1
594 674 1
595 58 -1
595 93 -1
595 124 1
595 246 -1
595 303 1
595 384 1
595 398 1
595 419 1
595 503 1
596 1 3
596 95 1
596 229 3
596 385 5
596 438 3
596 691 3
597 26 1
597 66 3
597 151 1
597 242 1
597 289 1
597 425 1
597 517 1
597 531 3
597 532 1
597 540 -1
597 571 1
597 573 3
597 575 1
597 670 1
597 692 -1
598 42 -1
598 290 -1
598 301 -1
598 367 -1
598 398 -1
598 516 -1
598 606 -1
598 618 -1
598 632 -1
598 664 -1
599 17 1
599 92 3
599 105 1
599 127 3
599 151 1
599 190 3
599 225 1
599 231 3
599 373 1
599 509 -1
599 525 1
599 614 1
599 684 1
600 4 3
600 32 1
600 112 3
600 179 5
600 197 3
600 206 1
600 225 3
600 329 3
600 612 3
600 620 3
600 694 3
601 129 1
601 135 1
601 153 1
601 249 1
601 285 3
601 302 1
601 413 -1
601 532 1
601 548 1
601 584 1
601 628 1
601 664 1
602 108 1
602 151 1
602 266 1
602 427 1
602 434 1
602 548 1
602 637 1
602 657 -1
603 18 3
603 47 5
603 102 3
603 139 3
603 262 5
603 290 3
603 311 3
603 340 3
603 471 3
603 525 3
603 592 1
603 612 3
604 48 1
604 74 -1
604 158 3
604 198 -1
604 299 1
604 401 -1
604 473 1
604 497 1
604 531 3
604 561 1
605 202 -1
605 267 -1
605 402 1
605 443 1
605 550 3
605 551 1
605 559 1
605 690 1
606 101 1
606 109 1
606 138 -1
606 209 3
606 283 1
606 293 1
606 307 1
606 447 3
606 463 -1
606 543 -1
606 593 1
607 1 -1
607 123 -1
607 126 -1
607 242 -1
607 356 -1
607 388 -1
607 429 -1
607 430 -1
607 549 -1
607 579 -1
608 30 1
608 127 3
608 217 3
608 483 1
608 561 1
608 563 -1
609 82 3
609 91 1
609 220 3
609 245 3
609 311 3
609 398 3
609 422 3
609 428 3
609 594 3
609 630 1
610 119 3
610 288 7
610 347 3
610 509 1
610 574 1
610 583 5
611 55 1
611 91 -1
611 94 1
611 100 3
611 292 -1
611 325 -1
611 339 1
611 350 1
611 383 1
611 401 -1
611 426 1
611 428 1
611 450 1
611 451 -1
611 511 1
611 523 -1
611 597 1
611 677 1
612 36 1
612 50 -1
612 81 1
612 167 1
612 298 1
612 326 -1
612 469 1
612 499 1
612 587 1
612 665 1
613 19 1
613 65 3
613 90 1
613 160 1
613 185 3
613 213 -1
613 223 -1
613 322 1
613 398 1
613 495 -1
613 515 1
613 532 1
613 596 -1
614 29 1
614 188 -1
614 226 1
614 244 1
614 251 3
614 361 1
614 394 1
614 446 1
615 196 1
615 199 1
615 222 1
615 269 1
615 338 1
615 640 3
615 670 1
616 17 1
616 106 -1
616 130 3
616 169 1
616 264 3
616 292 -1
616 386 -1
616 423 1
616 476 -1
616 553 1
616 559 1
616 657 -1
616 663 3
616 675 1
616 677 1
616 688 1
617 30 -1
617 53 -1
617 173 3
617 185 1
617 366 -1
617 406 -1
617 412 -1
617 567 1
617 584 -1
618 185 3
618 221 -1
618 350 1
618 431 1
618 472 1
618 488 3
618 498 1
618 576 -1
618 661 1
619 40 -1
619 142 1
619 249 1
619 301 1
619 376 1
619 390 -1
619 673 3
619 690 1
620 100 3
620 102 1
620 311 1
620 334 1
620 346 1
620 361 1
620 398 1
620 577 3
620 648 1
620 685 3
621 7 1
621 26 3
621 140 3
621 169 3
621 171 1
621 225 3
621 349 3
621 461 3
621 551 3
622 180 3
622 229 3
622 441 1
622 491 3
622 499 3
622 526 3
623 4 -1
623 140 -1
623 197 -1
623 291 1
623 340 -1
623 531 1
623 577 1
624 109 -1
624 117 -1
624 248 -1
624 380 -1
624 412 -1
624 428 -1
624 431 -1
624 500 -1
624 541 -1
624 656 -1
624 690 -1
624 693 -1
625 17 -1
625 70 1
625 102 -1
625 222 -1
625 237 -1
625 254 -1
625 412 -1
625 487 -1
625 497 -1
625 553 -1
626 31 -1
626 39 -1
626 86 -1
626 153 -1
626 287 -1
626 291 1
626 367 -1
626 399 -1
626 424 -1
626 477 -1
626 628 -1
626 644 -1
626 679 -1
627 306 3
627 373 3
627 376 3
627 389 3
627 394 3
627 649 3
628 37 3
628 94 1
628 122 -1
628 168 1
628 223 -1
628 239 1
628 252 1
628 379 1
628 388 1
628 517 1
629 9 1
629 58 -1
629 104 1
629 124 1
629 137 1
629 258 -1
629 277 1
629 409 1
629 418 1
629 454 1
629 501 -1
629 620 1
629 697 1
630 8 3
630 149 3
630 151 3
630 173 7
630 249 3
630 308 3
630 313 3
630 429 3
630 506 3
630 512 3
630 598 5
631 199 1
631 238 1
631 264 3
631 281 1
631 387 5
631 390 -1
631 404 1
631 435 3
631 487 1
631 494 1
631 517 1
631 560 -1
632 58 -1
632 77 1
632 122 -1
632 151 1
632 322 1
632 326 -1
632 351 -1
632 457 1
632 481 -1
632 543 -1
632 566 -1
632 613 1
632 656 1
633 3 -1
633 98 -1
633 197 -1
633 266 -1
633 274 -1
633 275 -1
633 317 -1
633 497 -1
633 514 -1
634 69 1
634 75 -1
634 77 1
634 110 1
634 116 1
634 225 1
634 251 3
634 346 1
634 406 1
634 453 1
634 462 1
634 487 1
634 560 -1
634 576 -1
634 626 3
635 65 3
635 104 1
635 163 1
635 306 1
635 347 1
635 546 -1
636 30 1
636 42 1
636 43 1
636 47 3
636 150 3
636 155 3
636 250 1
636 286 -1
636 501 -1
636 505 3
636 693 1
637 1 1
637 127 3
637 130 3
637 162 1
637 243 1
637 251 3
637 412 1
637 501 -1
637 517 1
637 529 1
637 577 3
637 596 -1
638 31 -1
638 87 -1
638 127 1
638 275 -1
638 306 -1
638 399 -1
638 442 -1
638 453 -1
638 469 -1
638 556 -1
638 568 -1
639 88 -1
639 123 1
639 178 1
639 289 1
639 303 1
639 369 -1
639 477 1
639 486 1
639 573 3
640 77 -1
640 112 -1
640 126 -1
640 127 1
640 177 -1
640 284 1
640 323 -1
640 334 -1
640 344 -1
640 442 -1
640 484 -1
640 507 -1
641 10 -1
641 103 1
641 170 -1
641 203 -1
641 268 -1
641 296 -1
641 418 -1
641 454 -1
641 658 -1
641 674 -1
642 1 1
642 68 1
642 253 1
642 528 3
642 564 -1
642 579 1
642 599 1
643 175 -1
643 222 -1
643 251 1
643 256 -1
643 262 1
643 287 -1
643 296 -1
643 304 -1
643 363 1
643 477 -1
643 547 -1
643 575 -1
643 601 -1
644 84 1
644 413 -1
644 451 -1
644 631 1
645 47 3
645 90 1
645 190 3
645 432 1
645 536 3
646 8 1
646 59 1
646 93 -1
646 249 1
646 278 3
646 306 1
646 322 1
646 323 1
646 415 -1
646 429 1
646 455 1
646 491 1
646 513 1
646 654 3
647 82 1
647 93 -1
647 106 -1
647 288 5
647 468 1
647 663 3
647 673 3
647 696 3
648 15 1
648 58 -1
648 106 -1
648 127 3
648 149 1
648 279 1
648 433 -1
648 442 1
648 474 1
648 490 3
648 597 1
649 32 -1
649 38 1
649 235 1
649 244 1
649 302 1
649 497 1
649 572 1
649 603 -1
650 49 -1
650 100 3
650 136 3
650 163 1
650 184 -1
650 191 -1
650 325 -1
650 362 -1
650 393 1
650 432 1
650 485 5
650 567 3
650 698 1
651 6 1
651 21 -1
651 72 1
651 84 1
651 228 1
651 291 3
651 357 1
651 400 1
651 446 1
651 600 -1
651 663 3
651 670 1
651 684 1
652 31 -1
652 131 -1
652 205 -1
652 348 -1
652 447 1
652 492 -1
652 572 -1
653 73 3
653 239 3
653 314 3
653 324 5
653 329 3
653 330 5
653 460 1
653 536 5
653 610 1
653 655 1
654 55 -1
654 163 -1
654 195 -1
654 231 1
654 270 -1
654 353 -1
654 674 -1
654 699 -1
655 59 3
655 106 1
655 269 3
655 271 1
655 306 3
655 336 1
655 486 3
655 612 3
655 664 3
656 85 3
656 143 1
656 178 1
656 188 -1
656 198 -1
656 201 1
656 251 3
656 347 1
656 627 -1
656 646 1
657 17 3
657 58 1
657 72 3
657 210 5
657 300 3
657 329 3
657 350 3
657 413 1
657 631 3
657 639 3
657 674 3
657 687 3
658 6 1
658 107 -1
658 233 3
658 253 1
658 349 1
658 357 1
658 414 1
658 428 1
658 481 -1
658 693 1
659 23 1
659 30 1
659 91 -1
659 134 -1
659 282 -1
659 454 1
659 479 1
659 530 -1
659 605 1
660 20 -1
660 27 5
660 64 1
660 223 -1
660 240 -1
660 278 3
660 341 -1
660 466 1
660 477 1
660 605 1
661 12 1
661 231 3
661 342 1
661 535 1
661 551 1
661 571 1
661 652 3
661 655 -1
661 680 -1
662 144 1
662 153 1
662 165 3
662 336 -1
662 450 1
662 577 3
662 583 3
662 613 1
662 631 1
663 87 -1
663 100 1
663 237 -1
663 301 -1
663 357 -1
663 507 -1
663 645 -1
664 69 1
664 150 3
664 211 1
664 324 3
664 413 -1
664 454 1
664 540 -1
664 587 1
664 610 -1
664 639 1
664 669 -1
665 25 1
665 65 3
665 158 3
665 216 1
665 245 1
665 267 -1
665 290 1
665 307 1
665 338 1
665 349 1
665 356 1
665 403 1
665 413 -1
666 22 3
666 31 1
666 180 1
666 276 1
666 290 1
666 346 1
666 391 -1
666 582 3
666 680 -1
667 40 -1
667 50 -1
667 123 1
667 129 1
667 158 3
667 375 1
667 437 1
667 452 1
667 486 1
667 594 1
668 61 -1
668 238 1
668 365 -1
668 418 1
668 562 1
668 620 1
668 648 1
669 2 3
669 79 3
669 108 3
669 139 3
669 165 5
669 245 3
669 366 3
669 419 3
669 468 3
669 590 1
669 604 3
669 651 3
669 674 3
670 29 1
670 71 1
670 101 1
670 117 1
670 174 3
670 219 1
670 236 -1
670 345 3
670 410 1
670 605 1
670 684 1
671 35 5
671 151 3
671 392 3
671 434 3
671 623 5
671 650 3
671 687 3
672 236 -1
672 409 1
672 429 1
672 527 1
672 644 1
672 677 1
673 72 -1
673 92 1
673 133 1
673 197 -1
673 284 1
673 489 1
673 517 -1
673 559 -1
673 691 -1
674 33 1
674 87 1
674 391 -1
674 499 1
674 515 1
674 563 -1
674 671 -1
675 18 1
675 82 1
675 150 3
675 218 -1
675 219 1
675 357 1
675 379 1
675 458 1
675 589 1
675 610 -1
675 667 1
676 13 1
676 98 1
676 217 3
676 233 3
676 302 1
676 343 1
676 384 1
676 433 -1
676 661 1
676 681 1
677 11 1
677 309 3
677 378 -1
677 398 1
677 463 -1
677 527 1
677 609 -1
677 672 1
678 8 1
678 216 1
678 266 1
678 420 1
678 460 -1
678 527 1
678 589 1
679 116 1
679 151 1
679 262 3
679 316 -1
679 347 1
679 361 1
679 558 1
680 48 3
680 144 3
680 189 1
680 276 3
680 312 1
680 349 3
680 400 3
680 465 3
680 576 1
680 630 1
681 31 1
681 181 1
681 191 -1
681 202 -1
681 211 1
681 223 -1
681 228 1
681 360 1
681 412 1
681 471 1
681 657 -1
681 663 3
682 14 -1
682 100 1
682 104 -1
682 118 -1
682 216 -1
682 225 -1
682 244 -1
682 250 -1
682 392 -1
682 412 -1
682 438 -1
682 497 -1
682 503 -1
682 507 -1
682 665 -1
683 104 3
683 125 3
683 176 7
683 275 3
683 352 3
683 396 1
683 691 3
684 76 1
684 89 1
684 120 -1
684 121 1
684 196 1
684 253 1
684 370 1
684 462 1
684 536 3
684 572 1
684 576 -1
684 596 -1
684 607 3
685 170 -1
685 204 1
685 264 1
685 329 -1
685 380 -1
685 448 -1
685 521 -1
685 573 1
685 629 -1
685 635 -1
686 43 1
686 82 1
686 132 -1
686 190 3
686 220 1
686 296 1
686 298 1
686 380 1
686 396 -1
686 418 1
686 449 1
686 491 1
686 549 1
686 576 -1
686 621 -1
686 639 1
686 679 1
686 693 1
687 2 1
687 96 -1
687 176 5
687 223 -1
687 272 1
687 309 3
687 357 1
687 385 3
687 610 -1
688 77 1
688 124 1
688 193 -1
688 231 3
688 266 1
688 292 -1
688 416 -1
688 450 1
688 486 1
688 696 3
689 29 1
689 33 1
689 45 1
689 64 1
689 108 1
689 128 1
689 241 1
689 361 1
689 391 -1
689 425 1
689 463 -1
689 486 1
689 505 3
689 574 -1
690 62 1
690 141 -1
690 165 3
690 294 1
690 296 1
690 372 -1
690 625 3
691 97 -1
691 129 1
691 179 3
691 256 1
691 334 1
691 409 1
691 413 -1
691 475 1
691 561 1
691 563 -1
691 606 1
691 613 1
691 629 1
692 123 3
692 138 1
692 435 5
692 454 3
692 464 5
692 556 3
693 1 1
693 10 1
693 97 -1
693 150 3
693 221 -1
693 278 3
693 648 1
693 692 -1
694 5 1
694 34 1
694 63 -1
694 342 1
694 360 1
694 394 1
694 666 1
695 12 -1
695 78 -1
695 81 -1
695 121 -1
695 155 1
695 161 -1
695 172 -1
695 245 -1
695 314 -1
695 578 -1
695 642 -1
696 14 -1
696 144 -1
696 156 -1
696 211 -1
696 219 -1
696 305 -1
696 338 -1
696 339 -1
696 353 -1
696 384 -1
696 654 1
696 656 -1
696 681 -1
696 699 -1
697 46 1
697 198 -1
697 268 1
697 309 3
697 310 -1
697 316 -1
697 379 1
697 419 1
697 425 1
697 443 1
697 470 1
698 90 1
698 240 -1
698 252 1
698 385 3
698 438 1
698 474 1
698 691 1
699 24 3
699 298 1
699 321 -1
699 337 1
699 357 1
699 413 -1
699 417 1
699 513 1
699 581 1
