500
0 1 0
0 2 0
0 3 0
0 4 0
0 5 0
0 6 0
0 7 0
0 8 0
0 9 0
0 10 0
0 11 0
0 12 0
0 13 0
0 14 0
0 15 0
0 16 0
0 17 0
0 18 0
0 19 0
0 20 0
0 21 0
0 22 0
0 23 0
0 24 0
0 25 0
0 26 0
0 27 0
0 28 0
0 29 0
0 30 0
0 31 0
0 32 0
0 33 0
0 34 0
0 35 0
0 36 0
0 37 0
0 38 0
0 39 0
0 40 0
0 41 0
0 42 0
0 43 0
0 44 0
0 45 0
0 46 0
0 47 0
0 48 0
0 49 0
0 50 0
0 51 0
0 52 0
0 53 0
0 54 0
0 55 0
0 56 0
0 57 0
0 58 0
0 59 0
0 60 0
0 61 0
0 62 0
0 63 0
0 64 0
0 65 0
0 66 0
0 67 0
0 68 0
0 69 0
0 70 0
0 71 0
0 72 0
0 73 0
0 74 0
0 75 0
0 76 0
0 77 0
0 78 0
0 79 0
0 80 0
0 81 0
0 82 0
0 83 0
0 84 0
0 85 0
0 86 0
0 87 0
0 88 0
0 89 0
0 90 0
0 91 0
0 92 0
0 93 0
0 94 0
0 95 0
0 96 0
0 97 0
0 98 0
0 99 0
0 100 0
0 101 0
0 102 0
0 103 0
0 104 0
0 105 0
0 106 0
0 107 0
0 108 0
0 109 0
0 110 0
0 111 0
0 112 0
0 113 0
0 114 0
0 115 0
0 116 0
0 117 0
0 118 0
0 119 0
0 120 0
0 121 0
0 122 0
0 123 0
0 124 0
0 125 0
0 126 0
0 127 0
0 128 0
0 129 0
0 130 0
0 131 0
0 132 0
0 133 0
0 134 0
0 135 0
0 136 0
0 137 0
0 138 0
0 139 0
0 140 0
0 141 0
0 142 0
0 143 0
0 144 0
0 145 0
0 146 0
0 147 0
0 148 0
0 149 0
0 150 0
0 151 0
0 152 0
0 153 0
0 154 0
0 155 0
0 156 0
0 157 0
0 158 0
0 159 0
0 160 0
0 161 0
0 162 0
0 163 0
0 164 0
0 165 0
0 166 0
0 167 0
0 168 0
0 169 0
0 170 0
0 171 0
0 172 0
0 173 0
0 174 0
0 175 0
0 176 0
0 177 0
0 178 0
0 179 0
0 180 0
0 181 0
0 182 0
0 183 0
0 184 0
0 185 0
0 186 0
0 187 0
0 188 0
0 189 0
0 190 0
0 191 0
0 192 0
0 193 0
0 194 0
0 195 0
0 196 0
0 197 0
0 198 0
0 199 0
0 200 0
0 201 0
0 202 0
0 203 0
0 204 0
0 205 0
0 206 0
0 207 0
0 208 0
0 209 0
0 210 0
0 211 0
0 212 0
0 213 0
0 214 0
0 215 0
0 216 0
0 217 0
0 218 0
0 219 0
0 220 0
0 221 0
0 222 0
0 223 0
0 224 0
0 225 0
0 226 0
0 227 0
0 228 0
0 229 0
0 230 0
0 231 0
0 232 0
0 233 0
0 234 0
0 235 0
0 236 0
0 237 0
0 238 0
0 239 0
0 240 0
0 241 0
0 242 0
0 243 0
0 244 0
0 245 0
0 246 0
0 247 0
0 248 0
0 249 0
0 250 0
0 251 0
0 252 0
0 253 0
0 254 0
0 255 0
0 256 0
0 257 0
0 258 0
0 259 0
0 260 0
0 261 0
0 262 0
0 263 0
0 264 0
0 265 0
0 266 0
0 267 0
0 268 0
0 269 0
0 270 0
0 271 0
0 272 0
0 273 0
0 274 0
0 275 0
0 276 0
0 277 0
0 278 0
0 279 0
0 280 0
0 281 0
0 282 0
0 283 0
0 284 0
0 285 0
0 286 0
0 287 0
0 288 0
0 289 0
0 290 0
0 291 0
0 292 0
0 293 0
0 294 0
0 295 0
0 296 0
0 297 0
0 298 0
0 299 0
0 300 0
0 301 0
0 302 0
0 303 0
0 304 0
0 305 0
0 306 0
0 307 0
0 308 0
0 309 0
0 310 0
0 311 0
0 312 0
0 313 0
0 314 0
0 315 0
0 316 0
0 317 0
0 318 0
0 319 0
0 320 0
0 321 0
0 322 0
0 323 0
0 324 0
0 325 0
0 326 0
0 327 0
0 328 0
0 329 0
0 330 0
0 331 0
0 332 0
0 333 0
0 334 0
0 335 0
0 336 0
0 337 0
0 338 0
0 339 0
0 340 0
0 341 0
0 342 0
0 343 0
0 344 0
0 345 0
0 346 0
0 347 0
0 348 0
0 349 0
0 350 0
0 351 0
0 352 0
0 353 0
0 354 0
0 355 0
0 356 0
0 357 0
0 358 0
0 359 0
0 360 0
0 361 0
0 362 0
0 363 0
0 364 0
0 365 0
0 366 0
0 367 0
0 368 0
0 369 0
0 370 0
0 371 0
0 372 0
0 373 0
0 374 0
0 375 0
0 376 0
0 377 0
0 378 0
0 379 0
0 380 0
0 381 0
0 382 0
0 383 0
0 384 0
0 385 0
0 386 0
0 387 0
0 388 0
0 389 0
0 390 0
0 391 0
0 392 0
0 393 0
0 394 0
0 395 0
0 396 0
0 397 0
0 398 0
0 399 0
0 400 0
0 401 0
0 402 0
0 403 0
0 404 0
0 405 0
0 406 0
0 407 0
0 408 0
0 409 0
0 410 0
0 411 0
0 412 0
0 413 0
0 414 0
0 415 0
0 416 0
0 417 0
0 418 0
0 419 0
0 420 0
0 421 0
0 422 0
0 423 0
0 424 0
0 425 0
0 426 0
0 427 0
0 428 0
0 429 0
0 430 0
0 431 0
0 432 0
0 433 0
0 434 0
0 435 0
0 436 0
0 437 0
0 438 0
0 439 0
0 440 0
0 441 0
0 442 0
0 443 0
0 444 0
0 445 0
0 446 0
0 447 0
0 448 0
0 449 0
0 450 0
0 451 0
0 452 0
0 453 0
0 454 0
0 455 0
0 456 0
0 457 0
0 458 0
0 459 0
0 460 0
0 461 0
0 462 0
0 463 0
0 464 0
0 465 0
0 466 0
0 467 0
0 468 0
0 469 0
0 470 0
0 471 0
0 472 0
0 473 0
0 474 0
0 475 0
0 476 0
0 477 0
0 478 0
0 479 0
0 480 0
0 481 0
0 482 0
0 483 0
0 484 0
0 485 0
0 486 0
0 487 0
0 488 0
0 489 0
0 490 0
0 491 0
0 492 0
0 493 0
0 494 0
0 495 0
0 496 0
0 497 0
0 498 0
0 499 0
1 5 1
1 33 1
1 152 1
1 180 3
1 228 1
1 300 1
1 322 1
1 357 1
1 377 1
1 457 1
1 479 1
2 131 -1
2 151 5
2 251 1
2 282 3
2 312 3
2 342 3
2 357 1
2 410 3
3 27 -1
3 34 -1
3 42 1
3 153 -1
3 171 -1
3 193 -1
3 318 -1
3 333 1
3 359 -1
4 229 -1
4 322 -1
4 433 -1
4 454 -1
4 458 -1
4 483 1
5 61 1
5 121 1
5 151 5
5 170 3
5 174 1
5 203 1
5 225 1
5 246 3
5 273 1
5 297 3
5 306 3
5 353 5
5 497 1
6 66 1
6 145 1
6 176 -1
6 185 -1
6 363 1
6 391 1
6 456 1
6 473 1
7 42 3
7 50 3
7 112 1
7 211 1
7 215 3
7 360 1
7 477 1
8 39 -1
8 83 1
8 284 -1
8 338 -1
8 365 -1
8 430 1
8 433 -1
8 485 1
9 17 1
9 36 1
9 93 3
9 277 1
9 289 1
9 298 3
9 389 1
9 403 3
9 407 1
9 430 3
9 444 1
9 497 1
10 4 3
10 92 1
10 98 1
10 144 1
10 236 3
10 293 -1
10 371 1
10 422 1
10 426 1
11 2 1
11 133 -1
11 257 1
11 323 -1
11 369 3
12 14 1
12 35 3
12 92 1
12 98 1
12 121 1
12 135 1
12 149 1
12 158 1
12 177 1
12 187 1
12 189 1
12 418 1
12 440 1
12 452 1
13 93 3
13 97 1
13 121 1
13 124 1
13 247 1
13 303 1
13 403 3
13 453 3
13 454 1
13 468 1
14 113 1
14 155 1
14 165 1
14 281 1
14 306 3
14 401 1
14 490 1
15 31 1
15 37 1
15 65 3
15 104 1
15 119 1
15 203 1
15 223 3
15 261 3
15 279 5
15 351 1
15 381 -1
15 420 1
15 454 1
16 39 1
16 123 3
16 304 3
16 459 1
16 469 1
16 494 1
17 19 1
17 24 1
17 30 1
17 34 1
17 76 1
17 171 1
17 207 1
17 233 3
17 288 3
17 303 1
17 309 1
17 356 1
17 367 -1
17 370 1
17 461 -1
17 468 1
17 484 1
18 86 -1
18 190 -1
18 356 -1
18 364 -1
18 447 -1
18 460 -1
19 259 1
19 308 1
19 327 3
19 374 -1
19 421 1
19 495 1
20 27 1
20 139 -1
20 179 1
20 199 3
20 217 1
20 277 1
20 288 3
20 352 3
20 404 1
20 464 1
21 77 1
21 257 -1
21 289 -1
21 321 -1
21 347 1
21 364 -1
21 375 1
22 1 -1
22 54 -1
22 58 -1
22 92 -1
22 105 -1
22 126 -1
22 202 -1
22 368 -1
22 466 -1
22 480 -1
22 483 1
23 34 1
23 52 3
23 56 3
23 80 1
23 84 1
23 116 3
23 203 1
23 234 1
23 237 1
23 256 1
23 271 3
23 273 1
23 323 -1
23 356 1
23 409 1
23 437 1
23 469 1
24 12 1
24 19 1
24 184 1
24 188 3
24 217 1
24 244 1
24 251 1
24 257 1
24 369 3
24 395 1
24 421 1
24 489 1
25 49 1
25 96 1
25 129 -1
25 183 -1
25 216 -1
25 227 -1
25 228 -1
25 318 -1
25 420 -1
26 44 1
26 72 1
26 208 1
26 220 1
26 271 3
26 328 1
26 329 5
26 441 3
26 451 -1
27 4 3
27 8 3
27 59 1
27 64 1
27 81 1
27 83 3
27 101 -1
27 120 1
27 209 1
27 322 1
27 350 1
27 461 -1
28 48 3
28 74 -1
28 158 1
28 460 1
29 112 3
29 145 3
29 226 3
29 346 3
29 373 5
29 402 3
29 404 3
30 87 3
30 164 3
30 175 3
30 291 1
30 327 3
30 380 3
31 46 1
31 103 1
31 204 -1
31 229 1
31 283 1
31 308 1
31 318 1
31 332 3
31 469 1
31 472 1
32 181 1
32 372 -1
32 442 1
33 2 1
33 80 1
33 137 1
33 164 3
33 169 1
33 249 1
33 290 1
33 399 1
33 438 3
33 451 -1
33 464 1
33 472 1
33 499 1
34 11 1
34 146 1
34 165 1
34 250 1
34 254 1
34 286 1
34 295 1
34 312 3
34 351 1
34 362 1
34 446 1
34 456 1
34 487 1
35 135 -1
35 332 1
35 413 -1
35 440 -1
35 441 1
35 493 -1
36 54 1
36 63 1
36 128 3
36 199 3
36 276 3
36 372 -1
36 385 1
36 428 -1
37 94 1
37 99 3
37 149 1
37 156 3
37 238 1
37 266 5
37 268 5
37 406 1
37 490 1
38 88 3
38 127 -1
38 151 5
38 199 3
38 245 3
38 267 1
38 391 1
38 430 3
38 476 1
39 69 1
39 113 1
39 118 -1
39 235 3
39 320 3
39 322 1
39 334 1
39 368 1
39 372 -1
39 423 1
39 426 1
40 53 -1
40 223 3
40 288 3
40 345 1
40 461 -1
40 464 1
40 470 5
41 85 -1
41 112 1
41 135 1
41 140 3
41 212 3
41 264 -1
41 293 -1
41 304 3
42 26 -1
42 80 -1
42 99 1
42 106 -1
42 174 -1
42 218 -1
42 244 -1
42 270 -1
42 331 -1
42 382 -1
42 384 -1
42 389 -1
42 441 1
42 452 -1
42 453 1
42 460 -1
43 67 3
43 119 1
43 152 1
43 189 1
43 246 3
43 258 1
43 303 1
43 317 1
43 326 1
43 473 1
44 235 3
44 270 1
44 324 1
44 364 1
44 413 1
44 472 1
45 76 1
45 179 1
45 230 1
45 234 1
45 275 1
45 377 1
45 399 1
45 499 1
46 148 1
46 179 1
46 203 1
46 247 1
46 303 1
46 390 1
46 401 1
46 453 3
46 466 1
46 492 3
47 12 1
47 26 1
47 119 1
47 160 -1
47 243 1
47 248 1
47 263 1
47 322 1
47 425 3
47 450 1
48 95 -1
48 190 -1
48 255 -1
48 308 -1
48 321 -1
48 358 -1
48 411 -1
48 426 -1
49 15 -1
49 177 -1
49 196 -1
49 247 -1
49 322 -1
49 373 1
49 454 -1
50 16 -1
50 153 -1
50 240 -1
50 257 -1
50 329 3
50 345 -1
50 475 -1
50 482 -1
50 494 -1
51 45 3
51 89 3
51 160 1
51 175 5
51 237 3
51 243 3
51 280 3
51 291 3
51 300 3
51 309 3
51 342 5
51 352 5
51 382 3
51 385 3
51 396 1
51 398 5
51 413 3
51 436 3
52 8 1
52 87 1
52 216 -1
52 370 -1
52 426 -1
52 439 1
52 482 -1
53 136 3
53 152 3
53 221 3
53 264 1
53 287 3
53 335 5
53 402 3
53 406 3
53 413 3
53 499 3
54 52 3
54 113 1
54 311 1
54 471 1
55 65 -1
55 93 -1
55 162 -1
55 170 -1
55 178 -1
55 236 -1
55 246 -1
55 342 -1
55 366 -1
56 206 -1
56 236 1
56 307 -1
56 328 -1
56 350 -1
56 444 -1
56 497 -1
57 1 1
57 29 -1
57 34 1
57 42 3
57 65 3
57 180 3
57 258 1
57 326 1
57 333 3
57 378 -1
57 405 1
57 419 3
58 10 1
58 113 1
58 125 1
58 129 1
58 204 -1
58 211 1
58 212 3
58 221 1
58 223 3
58 236 3
58 327 3
58 389 1
59 99 3
59 145 1
59 152 1
59 196 1
59 335 3
59 416 3
59 442 1
59 482 1
60 38 1
60 102 1
60 204 -1
60 214 1
60 228 1
60 267 1
60 297 3
60 301 1
60 361 1
60 454 1
60 483 3
61 53 -1
61 106 1
61 155 1
61 161 3
61 178 3
61 184 1
61 328 1
61 330 1
61 344 1
61 347 3
61 350 1
61 351 1
61 375 3
62 32 1
62 86 1
62 102 1
62 167 1
62 245 3
62 269 1
62 283 1
62 314 1
62 383 1
62 412 5
62 429 -1
63 37 1
63 54 1
63 79 1
63 93 3
63 171 1
63 210 1
63 212 3
63 248 1
63 278 1
63 323 -1
64 25 3
64 43 1
64 76 1
64 164 3
64 166 3
64 176 -1
64 178 3
64 248 1
64 376 -1
64 397 1
64 495 1
65 14 -1
65 27 -1
65 95 -1
65 113 -1
65 157 -1
65 225 -1
65 281 -1
65 286 -1
65 300 -1
65 302 -1
65 356 -1
65 482 -1
65 498 -1
66 139 -1
66 190 1
66 280 1
66 357 1
66 484 1
66 485 3
66 492 3
67 10 -1
67 15 -1
67 27 -1
67 33 -1
67 60 -1
67 162 1
67 181 -1
67 256 -1
67 258 -1
67 275 -1
67 388 -1
67 414 1
67 444 -1
67 450 -1
68 8 3
68 21 3
68 66 1
68 122 -1
68 123 3
68 202 1
68 286 1
68 309 1
68 329 5
68 432 3
68 448 1
68 469 1
69 13 1
69 21 3
69 37 1
69 70 1
69 101 -1
69 236 3
69 275 1
69 299 1
69 343 1
69 352 3
69 393 1
69 414 3
69 492 3
70 3 3
70 24 1
70 64 1
70 264 -1
70 409 1
70 452 1
71 57 1
71 59 1
71 90 1
71 92 1
71 117 -1
71 235 3
71 289 1
71 343 1
72 54 1
72 98 1
72 135 1
72 146 1
72 217 1
72 229 1
72 286 1
72 398 3
72 442 1
72 483 3
73 93 3
73 124 1
73 146 1
73 165 1
73 196 1
73 221 1
73 228 1
73 255 1
73 343 1
73 344 1
73 387 1
73 480 1
74 31 3
74 48 5
74 75 1
74 143 3
74 250 3
74 348 3
74 383 3
74 396 1
74 449 3
74 452 3
75 10 3
75 41 3
75 57 3
75 66 3
75 88 5
75 209 3
75 290 3
75 302 3
75 458 3
76 36 1
76 59 1
76 126 1
76 154 1
76 176 -1
76 181 1
76 276 3
76 384 1
76 475 1
77 32 -1
77 38 -1
77 52 1
77 60 -1
77 62 -1
77 105 -1
77 121 -1
77 137 -1
77 145 -1
77 195 1
77 270 -1
77 308 -1
77 439 1
77 482 -1
77 492 1
78 100 1
78 149 1
78 151 5
78 165 1
78 187 1
78 211 1
78 228 1
78 305 1
78 419 3
78 423 1
78 424 -1
78 427 1
78 449 1
78 453 3
79 8 3
79 10 1
79 31 1
79 51 -1
79 93 3
79 188 3
79 203 1
79 247 1
79 268 5
79 299 1
79 323 -1
79 453 3
80 238 1
80 285 1
80 300 1
80 464 1
80 488 3
81 58 1
81 70 1
81 73 1
81 79 1
81 88 3
81 110 -1
81 200 1
81 215 3
81 271 3
81 330 1
81 363 1
81 375 3
81 377 1
81 386 1
81 438 3
82 52 1
82 62 -1
82 112 -1
82 177 -1
82 250 -1
82 330 -1
82 334 -1
82 388 -1
82 427 -1
83 107 -1
83 120 -1
83 216 -1
83 327 1
83 361 -1
83 406 -1
83 418 -1
83 442 -1
83 475 -1
84 36 1
84 102 1
84 110 -1
84 118 -1
84 139 -1
84 239 1
84 258 1
84 262 -1
84 297 3
84 332 3
84 352 3
84 418 1
84 437 1
84 485 3
84 495 1
85 7 3
85 8 5
85 40 3
85 70 3
85 101 1
85 149 3
85 196 3
85 234 3
85 250 3
85 348 3
85 360 3
85 369 5
85 370 3
85 443 5
86 27 1
86 171 1
86 207 1
86 400 1
86 403 3
86 418 1
87 121 -1
87 145 -1
87 200 -1
87 260 -1
87 283 -1
87 286 -1
87 309 -1
88 47 -1
88 78 -1
88 141 -1
88 216 -1
88 228 -1
88 243 -1
88 244 -1
88 268 3
88 315 1
88 328 -1
88 344 -1
88 385 -1
89 17 1
89 88 3
89 127 -1
89 171 1
89 260 1
89 272 1
89 279 5
89 292 3
89 437 1
89 473 1
90 19 1
90 33 1
90 111 3
90 124 1
90 235 3
90 237 1
90 249 1
90 277 1
90 327 3
90 361 1
90 477 1
91 2 1
91 24 1
91 68 1
91 127 -1
91 136 1
91 158 1
91 197 3
91 231 1
91 354 1
91 420 1
91 453 3
91 481 1
91 483 3
91 488 3
92 116 3
92 181 1
92 184 1
92 250 1
92 277 1
92 351 1
92 366 3
92 417 1
93 18 1
93 84 -1
93 107 -1
93 137 -1
93 138 -1
93 201 -1
93 315 1
93 487 -1
94 19 1
94 34 1
94 206 1
94 242 1
94 343 1
94 399 1
94 404 1
94 441 3
94 448 1
94 480 1
95 101 -1
95 177 1
95 344 1
95 364 1
95 397 1
95 475 1
96 35 1
96 60 -1
96 66 -1
96 83 1
96 125 -1
96 187 -1
96 209 -1
96 223 1
96 235 1
96 279 3
96 311 -1
96 405 -1
96 409 -1
96 448 -1
96 452 -1
97 135 1
97 228 1
97 267 1
97 365 1
97 396 -1
98 111 3
98 142 3
98 199 3
98 242 1
98 343 1
99 6 -1
99 47 -1
99 141 -1
99 220 -1
99 238 -1
99 287 -1
99 297 1
99 364 -1
99 388 -1
99 414 1
99 456 -1
100 59 1
100 108 1
100 170 3
100 316 1
100 332 3
100 405 1
100 432 3
100 474 3
100 481 1
101 20 3
101 22 5
101 86 3
101 113 3
101 159 3
101 196 3
101 406 3
101 484 3
102 68 1
102 86 1
102 88 3
102 142 3
102 336 -1
102 366 3
102 456 1
102 470 5
102 479 1
103 17 1
103 24 1
103 184 1
103 202 1
103 223 3
103 369 3
103 378 -1
104 10 1
104 30 1
104 67 3
104 197 3
104 227 1
104 263 1
104 308 1
104 376 -1
104 405 1
104 461 -1
105 41 1
105 62 1
105 88 3
105 153 1
105 167 1
105 195 3
105 249 1
105 261 3
105 262 -1
105 281 1
105 297 3
105 351 1
105 370 1
105 385 1
105 389 1
105 399 1
105 472 1
106 33 1
106 54 1
106 60 1
106 146 1
106 229 1
106 339 1
106 411 1
106 458 1
106 473 1
107 53 -1
107 218 1
107 272 1
107 334 1
107 350 1
107 399 1
107 454 1
108 29 -1
108 49 3
108 51 -1
108 130 1
108 159 1
108 497 1
109 130 1
109 286 1
109 289 1
109 321 1
109 397 1
110 1 3
110 8 5
110 257 3
110 297 5
110 300 3
110 302 3
110 423 3
110 438 5
110 443 5
110 452 3
111 1 -1
111 7 -1
111 8 1
111 20 -1
111 138 -1
111 159 -1
111 188 1
111 321 -1
111 322 -1
111 338 -1
111 375 1
111 406 -1
111 426 -1
111 472 -1
112 7 1
112 37 1
112 260 1
112 268 5
112 287 1
112 411 1
112 479 1
113 14 1
113 41 1
113 191 1
113 195 3
113 214 1
113 223 3
113 285 1
113 305 1
113 338 1
113 470 5
113 489 1
114 21 5
114 74 1
114 97 3
114 101 1
114 105 3
114 120 3
114 123 5
114 210 3
114 250 3
114 276 5
114 301 3
114 337 5
114 345 3
115 2 3
115 134 3
115 137 3
115 206 3
115 275 3
115 289 3
115 384 3
115 395 3
115 478 5
116 69 -1
116 140 1
116 232 -1
116 420 -1
116 458 -1
116 466 -1
116 492 1
117 10 3
117 16 3
117 33 3
117 43 3
117 173 1
117 175 5
117 232 3
117 249 3
117 396 1
117 400 3
117 496 9
118 11 3
118 18 5
118 77 5
118 143 3
118 213 5
118 279 7
118 291 3
118 356 3
118 436 3
118 450 3
119 31 1
119 84 1
119 126 1
119 130 1
119 163 1
119 165 1
119 224 1
119 286 1
119 458 1
120 20 1
120 44 1
120 100 1
120 287 1
120 491 1
121 91 1
121 124 1
121 207 1
121 279 5
121 286 1
121 320 3
121 395 1
121 399 1
121 486 1
122 8 5
122 86 3
122 167 3
122 169 3
122 293 1
122 366 5
122 424 1
122 470 7
123 73 -1
123 100 -1
123 107 -1
123 112 -1
123 155 -1
123 162 1
123 190 -1
123 192 -1
123 288 1
123 310 -1
123 338 -1
123 352 1
123 400 -1
123 442 -1
124 21 3
124 37 1
124 44 1
124 82 3
124 126 1
124 135 1
124 140 3
124 182 1
124 229 1
124 274 -1
124 305 1
124 372 -1
124 417 1
124 476 1
125 38 1
125 178 3
125 196 1
125 276 3
125 351 1
125 491 1
126 18 3
126 22 3
126 177 1
126 230 1
126 287 1
126 313 1
127 116 5
127 134 3
127 278 3
127 284 3
127 286 3
127 302 3
127 439 5
127 453 5
128 94 -1
128 136 -1
128 271 1
128 278 -1
128 370 -1
128 398 1
128 411 -1
128 413 -1
128 415 1
129 44 1
129 68 1
129 119 1
129 267 1
129 312 3
129 328 1
129 489 1
130 39 1
130 89 1
130 138 1
130 168 1
130 191 1
130 212 3
130 254 1
130 261 3
130 289 1
130 320 3
130 400 1
130 404 1
130 434 1
130 478 3
131 5 3
131 67 5
131 69 3
131 91 3
131 247 3
131 249 3
131 300 3
131 399 3
131 438 5
131 478 5
132 2 -1
132 36 -1
132 94 -1
132 209 -1
132 260 -1
132 272 -1
132 340 -1
132 408 -1
132 422 -1
133 37 3
133 161 5
133 203 3
133 304 5
133 331 3
133 349 1
133 365 3
133 385 3
134 11 1
134 78 1
134 135 1
134 181 1
134 301 1
134 338 1
134 357 1
134 444 1
135 1 1
135 72 1
135 99 3
135 120 1
135 146 1
135 147 1
135 174 1
135 287 1
135 337 3
135 340 1
135 418 1
135 440 1
135 467 1
135 488 3
136 64 1
136 66 1
136 185 -1
136 334 1
137 4 3
137 122 -1
137 133 -1
137 265 1
137 300 1
137 325 1
137 379 1
137 423 1
137 465 -1
137 476 1
138 49 3
138 74 -1
138 87 3
138 91 1
138 137 1
138 158 1
138 285 1
138 304 3
138 349 -1
138 410 3
138 437 1
138 450 1
138 483 3
139 2 3
139 7 3
139 40 3
139 105 3
139 147 3
139 170 5
139 223 5
139 231 3
139 295 3
139 303 3
139 437 3
139 473 3
140 27 -1
140 148 -1
140 188 1
140 227 -1
140 242 -1
140 288 1
140 291 -1
140 295 -1
140 326 -1
140 430 1
141 57 1
141 125 1
141 136 1
141 344 1
141 353 5
141 380 3
141 408 1
141 437 1
142 60 -1
142 158 -1
142 254 -1
142 319 -1
142 362 -1
142 387 -1
142 472 -1
143 76 1
143 172 3
143 180 3
143 293 -1
143 301 1
143 339 1
143 443 3
143 484 1
144 3 3
144 56 3
144 90 1
144 107 1
144 112 1
144 289 1
144 290 1
144 333 3
144 355 1
144 411 1
144 488 3
144 493 1
145 14 1
145 39 1
145 97 1
145 115 -1
145 152 1
145 379 1
145 476 1
146 2 1
146 8 3
146 27 1
146 63 1
146 167 1
146 213 3
146 266 5
146 284 1
146 323 -1
146 452 1
147 6 1
147 60 1
147 82 3
147 99 3
147 187 1
147 294 -1
147 425 3
147 453 3
147 490 1
148 52 3
148 79 1
148 81 1
148 104 1
148 130 1
148 155 1
148 196 1
148 264 -1
148 304 3
148 373 3
148 410 3
148 444 1
149 36 1
149 69 1
149 80 1
149 111 3
149 134 1
149 159 1
149 184 1
149 197 3
149 200 1
149 381 -1
150 43 3
150 52 5
150 71 3
150 82 5
150 89 3
150 100 3
150 126 3
150 207 3
150 218 3
150 220 3
150 260 3
150 284 3
150 301 3
150 432 5
150 476 3
150 478 5
151 42 -1
151 116 -1
151 212 -1
151 245 -1
151 306 -1
151 312 -1
151 453 -1
152 28 1
152 33 1
152 117 -1
152 154 1
152 192 1
152 314 1
152 439 3
152 450 1
152 472 1
153 14 1
153 56 3
153 61 1
153 222 5
153 247 1
153 266 5
153 290 1
153 387 1
153 420 1
153 445 -1
153 454 1
153 482 1
154 5 1
154 43 1
154 57 1
154 75 -1
154 190 1
154 245 3
154 266 5
154 279 5
154 297 3
154 382 1
154 386 1
154 391 1
155 22 3
155 59 1
155 90 1
155 105 1
155 165 1
155 170 3
155 210 1
155 211 1
156 87 1
156 134 -1
156 143 -1
156 147 -1
156 153 -1
156 157 -1
156 194 -1
156 258 -1
156 312 1
156 455 -1
156 475 -1
156 491 -1
156 499 -1
157 5 1
157 40 1
157 47 1
157 67 3
157 71 1
157 94 1
157 117 -1
157 118 -1
157 171 1
157 244 1
157 303 1
157 324 1
157 328 1
157 352 3
157 375 3
157 408 1
157 450 1
157 470 5
158 76 1
158 346 1
158 425 3
158 463 1
158 487 1
159 1 1
159 73 1
159 161 3
159 186 3
159 279 5
159 298 3
159 383 1
159 418 1
159 494 1
160 37 3
160 56 5
160 128 5
160 136 3
160 179 3
160 273 3
160 320 5
160 335 5
160 345 3
160 350 3
160 435 3
161 68 -1
161 83 1
161 109 -1
161 143 -1
161 146 -1
161 169 -1
161 208 -1
161 210 -1
161 312 1
161 434 -1
162 164 1
162 179 -1
162 220 -1
162 236 1
162 282 1
162 343 -1
162 357 -1
162 439 1
162 447 -1
162 489 -1
163 3 3
163 81 1
163 110 -1
163 121 1
163 141 1
163 178 3
163 213 3
163 258 1
163 262 -1
163 354 1
163 399 1
163 434 1
163 450 1
163 482 1
164 12 -1
164 58 -1
164 63 -1
164 89 -1
164 91 -1
164 130 -1
164 220 -1
164 231 -1
164 244 -1
164 390 -1
164 455 -1
164 496 5
165 16 1
165 20 1
165 24 1
165 73 1
165 130 1
165 168 1
165 245 3
165 251 1
165 284 1
165 368 1
165 417 1
166 1 -1
166 193 -1
166 200 -1
166 212 1
166 316 -1
166 351 -1
166 401 -1
166 436 -1
166 477 -1
166 485 1
167 1 1
167 42 3
167 187 1
167 206 1
167 269 1
167 460 1
167 472 1
167 484 1
168 34 1
168 71 1
168 127 -1
168 170 3
168 178 3
168 233 3
168 305 1
168 328 1
169 60 1
169 71 1
169 102 1
169 127 -1
169 145 1
169 211 1
169 230 1
169 259 1
169 449 1
170 1 -1
170 3 1
170 94 -1
170 163 -1
170 168 -1
170 273 -1
170 281 -1
170 353 3
170 441 1
170 457 -1
170 491 -1
171 20 1
171 72 1
171 123 3
171 142 3
171 184 1
171 265 1
171 269 1
171 291 1
171 311 1
171 320 3
171 349 -1
171 365 1
171 479 1
172 13 -1
172 21 1
172 70 -1
172 187 -1
172 220 -1
172 297 1
172 332 1
172 347 1
172 356 -1
172 380 1
172 440 -1
172 475 -1
173 114 1
173 165 3
173 166 5
173 217 3
173 225 3
173 241 5
173 259 3
173 337 5
173 360 3
173 365 3
173 376 1
173 380 5
173 429 1
173 482 3
174 86 1
174 88 3
174 176 -1
174 209 1
174 231 1
174 302 1
174 353 5
174 366 3
174 409 1
174 427 1
174 446 1
174 458 1
175 23 -1
175 56 1
175 136 -1
175 162 1
175 179 -1
175 208 -1
175 240 -1
175 249 -1
175 308 -1
175 313 -1
175 399 -1
175 442 -1
176 10 3
176 52 5
176 107 3
176 134 3
176 192 3
176 264 1
176 372 1
176 401 3
176 491 3
176 492 5
177 17 1
177 51 -1
177 58 1
177 87 3
177 95 1
177 108 1
177 143 1
177 144 1
177 192 1
177 213 3
177 317 1
177 349 -1
177 390 1
177 412 5
177 447 1
177 498 1
178 2 -1
178 33 -1
178 39 -1
178 125 -1
178 126 -1
178 190 -1
178 402 -1
178 490 -1
179 4 3
179 9 1
179 55 5
179 144 1
179 161 3
179 211 1
179 325 1
179 332 3
179 413 1
179 476 1
180 17 -1
180 126 -1
180 235 1
180 268 3
180 313 -1
180 353 3
180 391 -1
180 405 -1
180 464 -1
180 469 -1
181 54 1
181 107 1
181 153 1
181 194 1
181 213 3
181 223 3
181 231 1
181 270 1
181 349 -1
181 407 1
181 486 1
182 41 1
182 93 3
182 146 1
182 157 1
182 217 1
182 305 1
182 340 1
182 381 -1
182 409 1
182 469 1
182 494 1
183 2 1
183 26 1
183 61 1
183 97 1
183 118 -1
183 231 1
183 269 1
183 316 1
183 415 3
184 65 3
184 68 1
184 87 3
184 183 1
184 416 3
184 439 3
185 70 3
185 167 3
185 171 3
185 183 3
185 215 5
185 221 3
185 419 5
185 427 3
185 494 3
186 35 1
186 97 -1
186 119 -1
186 147 -1
186 278 -1
186 280 -1
186 332 1
186 346 -1
186 402 -1
186 457 -1
187 27 1
187 28 1
187 84 1
187 117 -1
187 178 3
187 214 1
187 219 1
187 244 1
187 274 -1
187 395 1
187 435 1
187 471 1
188 35 1
188 46 -1
188 242 -1
188 315 1
188 329 3
188 397 -1
188 435 -1
188 448 -1
189 22 3
189 64 1
189 92 1
189 97 1
189 133 -1
189 182 1
189 252 1
189 256 1
189 303 1
189 344 1
189 454 1
189 482 1
190 14 1
190 70 1
190 123 3
190 125 1
190 182 1
190 195 3
190 237 1
190 339 1
190 341 1
190 468 1
190 489 1
190 490 1
191 3 3
191 27 1
191 46 1
191 75 -1
191 77 3
191 84 1
191 127 -1
191 185 -1
191 195 3
191 250 1
191 277 1
191 284 1
191 355 1
191 381 -1
191 424 -1
192 11 1
192 19 1
192 48 3
192 112 1
192 151 5
192 162 3
192 182 1
192 317 1
192 351 1
192 417 1
192 445 -1
193 50 3
193 100 1
193 170 3
193 237 1
193 267 1
193 377 1
193 421 1
193 427 1
194 30 1
194 45 1
194 64 1
194 66 1
194 113 1
194 175 3
194 184 1
194 499 1
195 128 1
195 257 -1
195 329 3
195 400 -1
195 421 -1
195 462 -1
195 463 -1
195 474 1
195 476 -1
196 70 1
196 73 1
196 92 1
196 139 -1
196 240 1
197 46 -1
197 49 1
197 107 -1
197 153 -1
197 159 -1
197 163 -1
197 220 -1
197 268 3
197 432 1
198 12 3
198 50 5
198 149 3
198 164 5
198 435 3
198 460 3
198 477 3
199 102 -1
199 121 -1
199 129 -1
199 320 1
199 327 1
200 79 1
200 234 1
200 257 1
200 262 -1
200 349 -1
200 375 3
200 402 1
200 451 -1
200 484 1
201 68 1
201 80 1
201 122 -1
201 139 -1
201 164 3
201 195 3
201 277 1
201 305 1
201 405 1
201 442 1
201 460 1
201 491 1
202 29 -1
202 246 3
202 346 1
202 348 1
202 378 -1
202 457 1
202 459 1
202 493 1
203 7 1
203 143 1
203 250 1
203 383 1
203 498 1
204 2 3
204 51 1
204 63 3
204 81 3
204 155 3
204 181 3
204 244 3
204 295 3
204 385 3
204 390 3
204 458 3
205 56 3
205 63 1
205 66 1
205 87 3
205 160 -1
205 206 1
205 305 1
205 485 3
206 75 -1
206 154 1
206 210 1
206 328 1
207 24 1
207 96 3
207 99 3
207 103 1
207 147 1
207 153 1
207 154 1
207 279 5
207 326 1
207 338 1
207 408 1
207 429 -1
208 12 1
208 15 1
208 63 1
208 101 -1
208 227 1
208 333 3
208 359 1
208 402 1
208 421 1
208 463 1
208 470 5
209 27 1
209 94 1
209 147 1
209 152 1
209 230 1
209 245 3
209 287 1
209 298 3
209 372 -1
209 428 -1
209 440 1
209 472 1
210 3 3
210 123 3
210 138 1
210 157 1
210 328 1
210 340 1
210 413 1
210 452 1
210 474 3
210 481 1
211 25 3
211 35 3
211 44 1
211 107 1
211 162 3
211 256 1
211 305 1
211 336 -1
211 397 1
211 416 3
211 443 3
211 456 1
212 23 -1
212 48 1
212 105 -1
212 149 -1
212 238 -1
212 242 -1
212 328 -1
212 478 1
212 495 -1
213 25 1
213 49 1
213 56 1
213 159 -1
213 172 1
213 207 -1
213 221 -1
213 225 -1
213 239 -1
213 295 -1
213 353 3
213 398 1
213 400 -1
213 404 -1
213 484 -1
214 59 1
214 146 1
214 171 1
214 229 1
214 352 3
214 433 1
214 434 1
215 13 -1
215 54 -1
215 56 1
215 99 1
215 156 1
215 267 -1
216 64 1
216 135 1
216 180 3
216 237 1
216 296 1
216 396 -1
216 407 1
216 430 3
216 463 1
217 42 3
217 50 3
217 57 1
217 145 1
217 239 1
217 303 1
217 337 3
217 340 1
217 377 1
217 381 -1
217 426 1
217 431 -1
217 464 1
218 165 1
218 264 -1
218 284 1
218 288 3
218 320 3
218 326 1
218 339 1
218 348 1
218 352 3
218 396 -1
218 404 1
218 418 1
218 424 -1
218 435 1
218 456 1
219 26 1
219 89 1
219 100 1
219 125 1
219 215 3
219 225 1
219 285 1
219 309 1
219 315 3
219 343 1
219 418 1
219 498 1
220 62 1
220 83 3
220 128 3
220 129 1
220 195 3
220 262 -1
220 337 3
220 338 1
220 355 1
220 401 1
221 129 1
221 155 1
221 199 3
221 234 1
221 279 5
221 335 3
221 350 1
221 359 1
221 419 3
221 454 1
222 18 -1
222 48 -1
222 50 -1
222 87 -1
222 199 -1
222 282 -1
222 327 -1
222 337 -1
222 443 -1
222 485 -1
223 27 -1
223 66 -1
223 89 -1
223 225 -1
223 253 -1
223 276 1
223 343 -1
223 437 -1
224 20 1
224 97 1
224 115 -1
224 175 3
224 193 1
224 276 3
224 303 1
224 305 1
224 327 3
224 334 1
224 348 1
224 364 1
224 397 1
224 403 3
224 450 1
224 460 1
224 468 1
225 72 1
225 98 1
225 152 1
225 196 1
225 220 1
225 223 3
225 245 3
225 266 5
225 294 -1
225 317 1
225 365 1
225 461 -1
225 472 1
225 488 3
226 71 1
226 106 1
226 115 -1
226 133 -1
226 175 3
226 194 1
226 334 1
226 377 1
226 395 1
226 459 1
226 475 1
227 69 1
227 130 1
227 141 1
227 234 1
227 258 1
227 318 1
227 365 1
228 12 1
228 53 -1
228 120 1
228 132 3
228 299 1
228 330 1
228 341 1
228 440 1
228 443 3
229 13 1
229 147 1
229 182 1
229 259 1
229 340 1
229 366 3
229 408 1
229 454 1
229 470 5
229 483 3
230 31 1
230 50 3
230 78 1
230 144 1
230 161 3
230 179 1
230 252 1
230 258 1
230 273 1
230 275 1
230 385 1
231 8 3
231 25 3
231 45 1
231 226 1
231 230 1
231 239 1
231 250 1
231 297 3
231 349 -1
231 442 1
231 490 1
232 9 1
232 41 1
232 126 1
232 234 1
232 249 1
232 356 1
232 365 1
232 371 1
232 396 -1
233 109 -1
233 197 1
233 228 -1
233 300 -1
233 317 -1
233 406 -1
233 475 -1
234 5 1
234 42 3
234 69 1
234 73 1
234 76 1
234 115 -1
234 166 3
234 313 1
234 344 1
234 415 3
234 485 3
235 9 -1
235 38 -1
235 76 -1
235 130 -1
235 164 1
235 252 -1
235 253 -1
235 299 -1
235 313 -1
235 332 1
235 363 -1
235 380 1
235 394 -1
235 443 1
235 472 -1
235 485 1
236 73 -1
236 89 -1
236 106 -1
236 124 -1
236 181 -1
236 332 1
236 365 -1
236 411 -1
236 412 3
236 463 -1
236 485 1
237 1 1
237 150 -1
237 205 1
237 217 1
237 264 -1
237 358 1
237 433 1
237 495 1
238 4 3
238 125 1
238 133 -1
238 181 1
238 287 1
238 296 1
238 303 1
238 422 1
238 436 1
238 488 3
239 35 3
239 37 1
239 99 3
239 105 1
239 117 -1
239 159 1
239 180 3
239 280 1
239 282 3
239 327 3
239 336 -1
239 348 1
239 394 1
239 470 5
240 4 3
240 21 3
240 46 1
240 62 1
240 101 -1
240 186 3
240 396 -1
240 435 1
241 4 1
241 251 -1
241 343 -1
241 380 1
241 434 -1
241 442 -1
242 37 1
242 80 1
242 118 -1
242 147 1
242 165 1
242 262 -1
242 297 3
242 359 1
242 370 1
242 470 5
242 475 1
242 482 1
242 493 1
243 1 1
243 5 1
243 14 1
243 41 1
243 51 -1
243 56 3
243 139 -1
243 183 1
243 261 3
243 278 1
243 307 1
243 310 1
243 332 3
243 365 1
243 428 -1
243 432 3
243 467 1
244 135 1
244 166 3
244 213 3
244 317 1
244 345 1
244 391 1
244 392 1
245 54 -1
245 95 -1
245 108 -1
245 134 -1
245 145 -1
245 228 -1
245 388 -1
245 399 -1
245 489 -1
246 26 -1
246 28 -1
246 89 -1
246 132 1
246 217 -1
246 235 1
246 261 1
246 278 -1
246 312 1
246 380 1
246 399 -1
246 448 -1
246 455 -1
247 38 1
247 42 3
247 87 3
247 112 1
247 273 1
247 343 1
247 359 1
247 370 1
247 479 1
247 499 1
248 56 3
248 147 1
248 168 1
248 238 1
248 257 1
248 294 -1
248 304 3
248 337 3
248 365 1
248 461 -1
249 15 1
249 19 1
249 80 1
249 129 1
249 146 1
249 215 3
249 333 3
249 371 1
249 409 1
249 454 1
249 484 1
250 109 1
250 122 -1
250 148 1
250 238 1
250 239 1
250 241 3
250 414 3
250 491 1
250 499 1
251 37 1
251 40 1
251 52 3
251 93 3
251 105 1
251 116 3
251 159 1
251 213 3
251 228 1
251 235 3
251 293 -1
251 371 1
251 392 1
251 393 1
251 421 1
251 432 3
251 454 1
251 456 1
252 72 1
252 76 1
252 91 1
252 108 1
252 319 1
252 356 1
253 32 1
253 82 3
253 112 1
253 164 3
253 178 3
253 208 1
253 291 1
253 452 1
254 76 1
254 89 1
254 225 1
254 250 1
254 264 -1
254 375 3
254 434 1
255 50 3
255 67 3
255 104 1
255 209 1
255 269 1
255 285 1
255 301 1
255 330 1
255 414 3
255 421 1
255 438 3
256 9 1
256 46 1
256 246 3
256 287 1
256 358 1
256 367 -1
257 20 1
257 34 1
257 44 1
257 142 3
257 149 1
257 329 5
257 390 1
257 428 -1
258 2 1
258 8 3
258 33 1
258 123 3
258 160 -1
258 202 1
258 213 3
258 222 5
258 231 1
258 287 1
258 315 3
258 357 1
258 404 1
258 431 -1
258 473 1
259 1 1
259 41 1
259 211 1
259 274 -1
259 420 1
260 30 1
260 31 1
260 39 1
260 91 1
260 132 3
260 276 3
260 379 1
260 423 1
261 62 -1
261 76 -1
261 84 -1
261 161 1
261 213 1
261 245 1
261 273 -1
261 347 1
261 360 -1
261 373 1
261 393 -1
261 401 -1
261 403 1
261 420 -1
262 13 3
262 61 3
262 63 3
262 95 3
262 184 3
262 274 1
262 298 5
262 367 1
263 139 -1
263 187 1
263 334 1
263 351 1
263 444 1
264 77 5
264 149 3
264 207 3
264 255 3
264 262 1
264 403 5
264 427 3
264 428 1
264 442 3
264 465 1
264 474 5
264 499 3
265 15 1
265 86 1
265 114 -1
265 142 3
265 236 3
265 243 1
265 248 1
265 336 -1
265 352 3
265 414 3
265 496 7
266 8 -1
266 88 -1
266 99 -1
266 166 -1
266 180 -1
266 188 -1
266 195 -1
266 347 -1
266 478 -1
266 483 -1
267 68 1
267 87 3
267 95 1
267 109 1
267 123 3
267 162 3
267 163 1
267 192 1
267 202 1
267 215 3
267 252 1
267 264 -1
267 350 1
267 429 -1
267 457 1
268 96 -1
268 197 -1
268 213 -1
268 261 -1
268 297 -1
268 320 -1
268 375 -1
268 425 -1
268 441 -1
268 488 -1
269 45 1
269 54 1
269 57 1
269 66 1
269 78 1
269 94 1
269 120 1
269 171 1
269 249 1
269 301 1
269 310 1
269 326 1
269 347 3
269 382 1
269 391 1
269 399 1
269 418 1
269 447 1
269 449 1
269 454 1
269 476 1
269 479 1
270 15 1
270 17 1
270 85 -1
270 191 1
270 239 1
270 440 1
270 483 3
271 161 1
271 203 -1
271 257 -1
271 290 -1
271 348 -1
272 104 1
272 111 3
272 125 1
272 380 3
272 400 1
272 411 1
272 475 1
273 33 1
273 150 -1
273 267 1
273 292 3
273 365 1
273 460 1
273 464 1
274 1 3
274 20 3
274 80 3
274 85 1
274 116 5
274 134 3
274 352 5
274 363 3
274 454 3
275 88 3
275 153 1
275 158 1
275 258 1
275 362 1
275 415 3
275 459 1
276 57 -1
276 96 1
276 124 -1
276 142 1
276 193 -1
276 384 -1
276 453 1
277 137 1
277 342 3
277 353 5
277 356 1
277 426 1
277 472 1
278 8 3
278 19 1
278 60 1
278 214 1
278 215 3
278 217 1
278 271 3
278 274 -1
278 299 1
278 336 -1
278 383 1
278 407 1
279 67 -1
279 82 -1
279 123 -1
279 128 -1
279 156 -1
279 161 -1
279 164 -1
279 172 -1
279 178 -1
279 241 -1
279 298 -1
279 332 -1
279 333 -1
279 352 -1
279 369 -1
279 380 -1
280 11 1
280 18 3
280 26 1
280 146 1
280 171 1
280 198 -1
280 233 3
280 278 1
280 292 3
280 420 1
280 432 3
280 435 1
280 463 1
281 29 -1
281 51 -1
281 74 -1
281 88 3
281 175 3
281 216 1
281 287 1
281 288 3
281 408 1
281 427 1
281 487 1
282 38 -1
282 88 1
282 205 -1
282 244 -1
282 278 -1
282 279 3
282 312 1
282 322 -1
282 470 3
282 478 1
282 481 -1
283 118 -1
283 165 1
283 200 1
283 231 1
283 252 1
283 298 3
283 389 1
283 491 1
284 38 1
284 151 5
284 171 1
284 179 1
284 195 3
284 267 1
284 326 1
284 440 1
284 494 1
285 86 1
285 191 1
285 281 1
285 288 3
285 291 1
285 330 1
285 365 1
286 14 1
286 34 1
286 46 1
286 178 3
286 251 1
286 290 1
286 303 1
286 307 1
286 354 1
286 394 1
286 416 3
286 418 1
287 82 3
287 126 1
287 147 1
287 152 1
287 242 1
287 243 1
287 283 1
287 384 1
287 397 1
287 439 3
287 442 1
287 444 1
287 451 -1
287 456 1
288 13 -1
288 23 -1
288 58 -1
288 154 -1
288 232 -1
288 270 -1
288 300 -1
288 331 -1
288 342 1
288 352 1
288 400 -1
289 187 1
289 245 3
289 263 1
289 269 1
289 297 3
289 327 3
289 383 1
289 477 1
290 49 3
290 57 1
290 58 1
290 181 1
290 209 1
290 257 1
290 353 5
290 357 1
290 360 1
290 431 -1
290 466 1
291 19 1
291 49 3
291 126 1
291 157 1
291 164 3
291 263 1
291 434 1
291 464 1
291 486 1
292 24 -1
292 38 -1
292 45 -1
292 103 -1
292 106 -1
292 138 -1
292 189 -1
292 197 1
292 207 -1
292 226 -1
292 276 1
292 277 -1
292 296 -1
292 325 -1
292 352 1
292 384 -1
292 464 -1
292 488 1
293 19 3
293 21 5
293 101 1
293 143 3
293 149 3
293 186 5
293 243 3
293 244 3
293 255 3
293 370 3
293 404 3
293 470 7
293 499 3
294 119 3
294 143 3
294 198 1
294 238 3
294 269 3
294 283 3
294 291 3
294 398 5
294 423 3
294 460 3
294 483 5
295 17 1
295 59 1
295 77 3
295 148 1
295 163 1
295 205 1
295 364 1
295 445 -1
296 37 1
296 72 1
296 99 3
296 101 -1
296 241 3
296 243 1
296 390 1
296 403 3
296 456 1
296 495 1
296 496 7
297 5 -1
297 38 -1
297 81 -1
297 100 -1
297 220 -1
297 231 -1
297 252 -1
297 280 -1
297 281 -1
297 317 -1
297 347 1
297 405 -1
297 447 -1
298 39 -1
298 40 -1
298 47 -1
298 66 -1
298 72 -1
298 129 -1
298 174 -1
298 177 -1
298 193 -1
298 221 -1
298 433 -1
299 34 1
299 65 3
299 97 1
299 119 1
299 163 1
299 171 1
299 190 1
299 254 1
299 258 1
299 276 3
299 320 3
299 396 -1
299 481 1
300 61 1
300 83 3
300 95 1
300 189 1
300 195 3
300 200 1
300 244 1
300 249 1
300 257 1
300 269 1
300 348 1
300 406 1
300 441 3
300 455 1
300 480 1
300 499 1
301 5 1
301 242 1
301 372 -1
301 383 1
301 481 1
302 55 5
302 141 1
302 155 1
302 184 1
302 216 1
302 289 1
302 303 1
302 357 1
302 450 1
302 485 3
303 69 1
303 87 3
303 280 1
303 312 3
303 318 1
303 419 3
303 424 -1
303 445 -1
304 31 -1
304 47 -1
304 135 -1
304 263 -1
304 289 -1
304 314 -1
304 347 1
304 418 -1
305 22 3
305 28 1
305 126 1
305 222 5
305 239 1
305 271 3
305 273 1
305 343 1
305 384 1
305 388 1
305 402 1
306 44 -1
306 220 -1
306 242 -1
306 269 -1
306 318 -1
306 340 -1
306 344 -1
306 392 -1
306 411 -1
306 421 -1
307 105 1
307 109 1
307 115 -1
307 129 1
307 136 1
307 253 1
307 283 1
307 358 1
307 430 3
307 455 1
308 7 1
308 46 1
308 163 1
308 209 1
308 219 1
308 255 1
308 310 1
308 326 1
308 400 1
308 463 1
309 34 1
309 87 3
309 92 1
309 94 1
309 119 1
309 134 1
309 169 1
309 295 1
309 326 1
309 337 3
309 376 -1
309 384 1
309 475 1
310 4 3
310 10 1
310 30 1
310 48 3
310 65 3
310 173 -1
310 480 1
311 51 -1
311 100 1
311 101 -1
311 115 -1
311 130 1
311 133 -1
311 177 1
311 205 1
311 222 5
311 224 1
311 335 3
311 345 1
311 358 1
311 391 1
312 12 -1
312 215 1
312 217 -1
312 305 -1
312 319 -1
312 413 -1
312 441 1
312 468 -1
312 473 -1
312 495 -1
313 205 1
313 279 5
313 311 1
313 381 -1
313 431 -1
313 446 1
313 451 -1
313 484 1
314 74 -1
314 254 1
314 261 3
314 325 1
314 334 1
314 349 -1
314 385 1
314 402 1
315 69 -1
315 144 -1
315 236 1
315 243 -1
315 275 -1
315 457 -1
316 7 1
316 71 1
316 120 1
316 135 1
316 156 3
316 158 1
316 311 1
316 327 3
316 460 1
316 472 1
317 67 3
317 193 1
317 214 1
317 217 1
317 233 3
317 240 1
317 268 5
317 294 -1
317 351 1
317 352 3
317 388 1
317 417 1
317 488 3
317 491 1
318 23 1
318 193 1
318 197 3
318 199 3
318 246 3
318 248 1
318 281 1
318 407 1
318 484 1
319 53 -1
319 139 -1
319 147 1
319 374 -1
319 426 1
319 430 3
320 37 -1
320 79 -1
320 148 -1
320 162 1
320 291 -1
320 315 1
320 319 -1
320 333 1
320 348 -1
320 361 -1
320 455 -1
321 19 1
321 31 1
321 60 1
321 118 -1
321 119 1
321 200 1
321 282 3
321 290 1
321 328 1
321 427 1
321 445 -1
321 460 1
321 488 3
321 496 7
322 1 1
322 31 1
322 87 3
322 133 -1
322 137 1
322 188 3
322 213 3
322 251 1
322 299 1
322 318 1
322 334 1
322 370 1
322 394 1
322 459 1
322 462 1
322 472 1
322 483 3
323 36 3
323 120 3
323 123 5
323 169 3
323 191 3
323 281 3
323 283 3
323 309 3
323 321 3
323 324 3
323 339 3
323 347 5
323 351 3
323 366 5
323 416 5
323 433 3
323 453 5
324 34 1
324 48 3
324 171 1
324 345 1
324 362 1
324 373 3
324 396 -1
325 81 1
325 85 -1
325 109 1
325 135 1
325 146 1
325 165 1
325 170 3
325 234 1
325 271 3
325 282 3
325 329 5
325 351 1
325 458 1
325 461 -1
325 476 1
326 3 3
326 6 1
326 47 1
326 66 1
326 136 1
326 179 1
326 226 1
326 253 1
326 259 1
326 269 1
326 270 1
326 355 1
326 365 1
326 462 1
326 474 3
327 60 -1
327 129 -1
327 163 -1
327 256 -1
327 259 -1
327 295 -1
327 298 1
327 339 -1
327 353 3
327 359 -1
327 438 1
327 492 1
328 193 1
328 201 1
328 232 1
328 243 1
328 263 1
328 307 1
328 308 1
328 344 1
328 389 1
328 470 5
328 494 1
329 3 -1
329 18 -1
329 21 -1
329 93 -1
329 96 -1
329 175 -1
329 292 -1
329 414 -1
329 419 -1
329 430 -1
329 470 1
330 14 1
330 76 1
330 257 1
330 371 1
331 3 3
331 16 1
331 29 -1
331 60 1
331 211 1
331 267 1
331 342 3
331 351 1
331 370 1
331 410 3
332 9 -1
332 237 -1
332 285 -1
332 318 -1
332 348 -1
332 357 -1
332 400 -1
332 488 1
333 235 1
333 345 -1
333 404 -1
333 443 1
333 485 1
334 68 1
334 168 1
334 182 1
334 220 1
334 304 3
334 323 -1
334 366 3
334 428 -1
334 449 1
334 484 1
334 496 7
335 49 1
335 95 -1
335 104 -1
335 121 -1
335 207 -1
335 233 1
335 280 -1
335 375 1
335 430 1
335 448 -1
335 468 -1
336 174 3
336 177 3
336 181 3
336 241 5
336 242 3
336 357 3
336 361 3
336 369 5
337 11 -1
337 48 1
337 55 3
337 64 -1
337 165 -1
337 242 -1
337 243 -1
337 292 1
337 296 -1
337 303 -1
337 393 -1
337 432 1
338 14 1
338 41 1
338 131 -1
338 155 1
338 216 1
338 281 1
338 321 1
338 436 1
338 453 3
338 465 -1
339 10 1
339 60 1
339 70 1
339 187 1
339 191 1
339 213 3
339 230 1
339 305 1
339 314 1
339 407 1
339 449 1
340 180 3
340 225 1
340 246 3
340 302 1
340 379 1
340 419 3
340 469 1
340 496 7
341 48 3
341 75 -1
341 127 -1
341 222 5
341 230 1
341 334 1
341 347 3
341 393 1
341 445 -1
341 474 3
342 28 -1
342 84 -1
342 92 -1
342 103 -1
342 212 1
342 220 -1
342 401 -1
342 457 -1
343 34 1
343 174 1
343 202 1
343 221 1
343 281 1
343 393 1
343 407 1
343 425 3
343 439 3
343 486 1
344 1 1
344 84 1
344 199 3
344 239 1
344 299 1
344 368 1
344 420 1
344 453 3
345 61 1
345 62 1
345 132 3
345 183 1
345 208 1
345 228 1
345 239 1
345 303 1
345 423 1
346 9 1
346 28 1
346 44 1
346 58 1
346 81 1
346 99 3
346 186 3
346 276 3
346 296 1
346 309 1
346 328 1
346 391 1
346 423 1
346 430 3
346 440 1
347 107 -1
347 108 -1
347 124 -1
347 245 1
347 284 -1
347 494 -1
348 51 -1
348 76 1
348 113 1
348 137 1
348 143 1
348 151 5
348 154 1
348 213 3
348 260 1
348 304 3
348 421 1
349 6 3
349 14 3
349 80 3
349 95 3
349 116 5
349 143 3
349 160 1
349 168 3
349 227 3
349 376 1
349 458 3
350 21 3
350 53 -1
350 278 1
350 330 1
350 403 3
350 425 3
350 432 3
350 451 -1
350 476 1
351 10 1
351 68 1
351 128 3
351 171 1
351 309 1
351 473 1
351 488 3
351 494 1
352 47 -1
352 125 -1
352 168 -1
352 184 -1
352 214 -1
352 263 -1
352 301 -1
352 313 -1
352 365 -1
352 391 -1
352 395 -1
353 4 -1
353 49 -1
353 223 -1
353 235 -1
353 271 -1
353 373 -1
353 414 -1
353 415 -1
353 432 -1
354 31 1
354 35 3
354 56 3
354 325 1
354 381 -1
355 5 1
355 54 1
355 84 1
355 157 1
355 290 1
355 360 1
355 405 1
356 102 1
356 128 3
356 132 3
356 150 -1
356 156 3
356 223 3
356 261 3
356 295 1
356 316 1
356 395 1
356 423 1
356 449 1
356 482 1
357 12 1
357 148 1
357 223 3
357 259 1
357 260 1
357 268 5
357 295 1
357 320 3
357 444 1
357 447 1
358 11 1
358 22 3
358 245 3
358 255 1
358 413 1
359 108 1
359 121 1
359 143 1
359 151 5
359 162 3
359 191 1
359 330 1
359 370 1
359 373 3
359 434 1
359 469 1
360 20 1
360 26 1
360 96 3
360 122 -1
360 126 1
360 195 3
360 240 1
360 300 1
360 359 1
360 445 -1
361 49 3
361 79 1
361 108 1
361 109 1
361 111 3
361 180 3
361 198 -1
361 204 -1
361 328 1
361 376 -1
361 398 3
361 420 1
361 430 3
361 475 1
361 480 1
362 33 1
362 54 1
362 105 1
362 134 1
362 142 3
362 193 1
363 8 3
363 25 3
363 30 1
363 76 1
363 106 1
363 202 1
363 281 1
363 332 3
363 362 1
363 450 1
364 17 1
364 18 3
364 224 1
364 371 1
364 445 -1
364 464 1
365 46 1
365 60 1
365 142 3
365 159 1
365 183 1
365 188 3
365 325 1
365 335 3
365 397 1
366 91 -1
366 93 1
366 105 -1
366 167 -1
366 334 -1
366 384 -1
366 448 -1
367 3 5
367 6 3
367 74 1
367 176 1
367 273 3
367 298 5
367 386 3
367 433 3
367 444 3
368 32 1
368 52 3
368 60 1
368 62 1
368 106 1
368 122 -1
368 156 3
368 430 3
368 445 -1
369 7 -1
369 61 -1
369 90 -1
369 212 1
369 225 -1
369 280 -1
369 287 -1
369 348 -1
369 423 -1
370 4 3
370 264 -1
370 331 1
370 336 -1
370 346 1
370 380 3
370 396 -1
370 453 3
370 498 1
371 221 1
371 254 1
371 264 -1
371 376 -1
371 383 1
371 405 1
371 443 3
371 470 5
372 19 3
372 28 3
372 199 5
372 211 3
372 262 1
372 289 3
372 382 3
372 424 1
372 485 5
373 4 1
373 165 -1
373 232 -1
373 299 -1
373 300 -1
373 343 -1
373 345 -1
373 363 -1
373 485 1
374 30 3
374 51 1
374 111 5
374 140 5
374 160 1
374 175 5
374 201 3
374 288 5
374 347 5
374 369 5
374 418 3
374 458 3
374 466 3
375 31 -1
375 94 -1
375 214 -1
375 251 -1
375 295 -1
375 314 -1
375 438 1
375 446 -1
375 452 -1
375 466 -1
376 12 3
376 80 3
376 165 3
376 174 3
376 233 5
376 236 5
376 250 3
376 288 5
376 389 3
377 54 1
377 83 3
377 181 1
377 214 1
377 397 1
377 398 3
377 487 1
378 19 3
378 165 3
378 186 5
378 205 3
378 306 5
378 366 5
378 434 3
378 435 3
379 2 1
379 16 1
379 146 1
379 178 3
379 243 1
379 329 5
379 331 1
379 340 1
379 386 1
379 441 3
380 40 -1
380 76 -1
380 129 -1
380 137 -1
380 143 -1
380 161 1
380 168 -1
380 240 -1
380 309 -1
380 331 -1
380 371 -1
380 388 -1
380 393 -1
381 1 3
381 49 5
381 66 3
381 150 1
381 163 3
381 164 5
381 288 5
381 297 5
381 312 5
381 313 3
381 488 5
382 65 3
382 73 1
382 89 1
382 176 -1
382 209 1
382 279 5
382 499 1
383 13 1
383 22 3
383 113 1
383 190 1
383 343 1
383 346 1
383 392 1
383 403 3
383 425 3
383 445 -1
383 460 1
384 4 3
384 39 1
384 141 1
384 164 3
384 206 1
384 356 1
384 391 1
384 450 1
385 191 1
385 223 3
385 236 3
385 288 3
385 431 -1
386 34 1
386 84 1
386 85 -1
386 90 1
386 112 1
386 250 1
386 425 3
387 10 1
387 12 1
387 75 -1
387 106 1
387 130 1
387 153 1
387 167 1
387 238 1
387 247 1
387 257 1
387 333 3
387 350 1
387 363 1
388 63 1
388 93 3
388 145 1
388 255 1
388 264 -1
388 448 1
388 493 1
389 19 1
389 26 1
389 35 3
389 37 1
389 102 1
389 113 1
389 183 1
389 217 1
389 320 3
389 325 1
389 366 3
389 379 1
389 434 1
389 456 1
389 471 1
390 43 1
390 59 1
390 134 1
390 180 3
390 278 1
390 284 1
390 301 1
390 361 1
390 393 1
390 412 5
390 432 3
390 468 1
390 475 1
391 43 1
391 178 3
391 198 -1
391 205 1
391 207 1
391 209 1
391 269 1
391 298 3
391 367 -1
391 479 1
391 481 1
392 108 1
392 117 -1
392 185 -1
392 234 1
392 250 1
392 300 1
392 407 1
392 416 3
392 454 1
393 90 1
393 118 -1
393 216 1
393 274 -1
393 427 1
393 498 1
394 40 1
394 98 1
394 196 1
394 212 3
394 213 3
394 357 1
394 398 3
394 465 -1
395 26 1
395 48 3
395 84 1
395 135 1
395 167 1
395 179 1
395 224 1
395 231 1
395 248 1
395 296 1
395 361 1
395 366 3
395 431 -1
395 455 1
395 464 1
395 471 1
395 494 1
396 12 3
396 111 5
396 112 3
396 152 3
396 166 5
396 226 3
396 288 5
396 301 3
396 458 3
397 20 1
397 24 1
397 52 3
397 113 1
397 144 1
397 163 1
397 188 3
397 268 5
397 282 3
397 312 3
397 315 3
397 329 5
397 331 1
397 341 1
397 417 1
397 478 3
397 486 1
398 67 1
398 81 -1
398 248 -1
398 332 1
398 443 1
398 457 -1
398 478 1
398 479 -1
399 95 1
399 141 1
399 227 1
399 241 3
399 287 1
399 298 3
399 471 1
399 490 1
400 41 1
400 66 1
400 210 1
400 283 1
400 325 1
400 341 1
400 409 1
400 447 1
400 459 1
401 30 1
401 91 1
401 108 1
401 148 1
401 177 1
401 217 1
401 242 1
401 253 1
401 282 3
401 305 1
401 320 3
401 408 1
401 411 1
401 482 1
401 483 3
402 62 1
402 65 3
402 109 1
402 178 3
402 196 1
402 257 1
402 264 -1
402 277 1
402 358 1
402 360 1
402 392 1
402 395 1
402 416 3
402 442 1
402 462 1
403 22 1
403 57 -1
403 196 -1
403 234 -1
403 239 -1
403 243 -1
403 259 -1
403 265 -1
403 317 -1
403 325 -1
403 348 -1
403 387 -1
403 439 1
403 467 -1
404 26 1
404 30 1
404 75 -1
404 172 3
404 220 1
404 239 1
404 242 1
404 432 3
405 63 1
405 80 1
405 133 -1
405 175 3
405 176 -1
405 186 3
405 198 -1
405 235 3
405 238 1
405 318 1
405 418 1
406 92 1
406 105 1
406 148 1
406 163 1
406 180 3
406 405 1
406 468 1
406 490 1
407 17 1
407 37 1
407 112 1
407 120 1
407 122 -1
407 361 1
407 417 1
407 496 7
408 22 3
408 49 3
408 91 1
408 147 1
408 233 3
408 325 1
408 390 1
408 426 1
408 431 -1
409 38 1
409 67 3
409 79 1
409 124 1
409 188 3
409 207 1
409 285 1
409 336 -1
410 24 -1
410 37 -1
410 181 -1
410 279 3
410 313 -1
410 324 -1
410 338 -1
410 426 -1
411 29 -1
411 340 1
411 344 1
411 358 1
411 486 1
412 25 -1
412 35 -1
412 52 -1
412 77 -1
412 111 -1
412 140 -1
412 186 -1
412 222 1
412 233 -1
412 288 -1
412 410 -1
412 416 -1
412 438 -1
412 492 -1
413 168 1
413 190 1
413 221 1
413 260 1
413 275 1
413 370 1
413 415 3
413 427 1
413 431 -1
414 17 -1
414 54 -1
414 62 -1
414 88 1
414 225 -1
414 230 -1
414 252 -1
414 253 -1
414 271 1
414 296 -1
414 307 -1
414 363 -1
414 366 1
414 469 -1
414 491 -1
415 83 1
415 108 -1
415 259 -1
415 267 -1
415 269 -1
415 298 1
415 377 -1
415 379 -1
415 392 -1
415 432 1
416 63 -1
416 138 -1
416 154 -1
416 219 -1
416 249 -1
416 400 -1
416 415 1
416 435 -1
417 14 1
417 64 1
417 163 1
417 189 1
417 265 1
417 267 1
417 269 1
417 316 1
417 439 3
417 447 1
417 484 1
417 492 3
418 15 1
418 36 1
418 151 5
418 302 1
418 322 1
418 343 1
418 490 1
419 103 -1
419 283 -1
419 449 -1
419 479 -1
420 70 1
420 78 1
420 136 1
420 139 -1
420 189 1
420 244 1
420 323 -1
420 432 3
420 465 -1
420 467 1
420 480 1
421 76 1
421 106 1
421 161 3
421 178 3
421 188 3
421 233 3
421 294 -1
421 299 1
421 350 1
421 351 1
421 388 1
421 420 1
421 464 1
422 44 1
422 127 -1
422 226 1
422 325 1
422 405 1
422 421 1
422 434 1
422 477 1
423 101 -1
423 103 1
423 139 -1
423 151 5
423 180 3
423 204 -1
423 241 3
423 291 1
423 325 1
423 391 1
423 412 5
423 416 3
424 21 5
424 32 3
424 134 3
424 147 3
424 150 1
424 163 3
424 172 5
424 223 5
424 226 3
424 275 3
424 354 3
424 404 3
425 24 -1
425 28 -1
425 30 -1
425 41 -1
425 55 3
425 78 -1
425 82 1
425 154 -1
425 169 -1
425 190 -1
425 222 3
425 237 -1
425 244 -1
425 292 1
425 401 -1
425 477 -1
426 109 1
426 144 1
426 182 1
426 193 1
426 301 1
426 357 1
426 487 1
427 13 1
427 109 1
427 119 1
427 184 1
427 187 1
427 272 1
427 375 3
427 387 1
427 403 3
427 404 1
427 417 1
427 487 1
428 70 3
428 96 5
428 154 3
428 166 5
428 196 3
428 235 5
428 280 3
428 320 5
428 325 3
428 328 3
428 365 3
429 8 5
429 18 5
429 20 3
429 24 3
429 74 1
429 97 3
429 156 5
429 224 3
429 250 3
429 296 3
429 321 3
429 352 5
429 378 1
429 481 3
430 26 -1
430 181 -1
430 299 -1
430 318 -1
430 347 1
430 365 -1
430 417 -1
430 442 -1
431 25 5
431 219 3
431 332 5
431 390 3
431 428 1
431 493 3
432 31 -1
432 299 -1
432 302 -1
432 348 -1
432 371 -1
432 411 -1
432 474 1
433 86 1
433 158 1
433 159 1
433 193 1
433 331 1
433 445 -1
433 491 1
434 21 3
434 59 1
434 83 3
434 89 1
434 159 1
434 226 1
434 270 1
434 289 1
434 291 1
434 342 3
434 355 1
434 360 1
434 367 -1
434 410 3
434 442 1
434 478 3
434 494 1
435 1 1
435 53 -1
435 121 1
435 132 3
435 133 -1
435 245 3
435 264 -1
435 283 1
435 367 -1
435 382 1
435 415 3
435 418 1
436 55 5
436 57 1
436 127 -1
436 147 1
436 152 1
436 154 1
436 167 1
436 200 1
436 226 1
436 245 3
436 287 1
436 383 1
436 387 1
436 395 1
436 400 1
436 432 3
436 444 1
436 445 -1
436 472 1
436 482 1
436 492 3
437 6 1
437 168 1
437 224 1
437 385 1
437 432 3
437 476 1
437 486 1
438 33 -1
438 39 -1
438 68 -1
438 81 -1
438 83 1
438 207 -1
438 265 -1
438 289 -1
438 311 -1
438 341 -1
438 383 -1
438 430 1
438 441 1
438 458 -1
438 471 -1
438 476 -1
439 82 1
439 155 -1
439 182 -1
439 189 -1
439 226 -1
439 240 -1
439 299 -1
439 357 -1
439 360 -1
439 400 -1
439 484 -1
439 485 1
440 31 1
440 45 1
440 52 3
440 79 1
440 106 1
440 176 -1
440 184 1
440 187 1
440 200 1
440 219 1
440 309 1
440 315 3
440 358 1
440 400 1
440 437 1
440 449 1
441 19 -1
441 120 -1
441 191 -1
441 219 -1
441 270 -1
441 384 -1
441 423 -1
441 482 -1
442 190 1
442 211 1
442 253 1
442 259 1
442 293 -1
442 297 3
442 381 -1
442 412 5
442 451 -1
442 458 1
442 478 3
443 47 -1
443 120 -1
443 138 -1
443 163 -1
443 202 -1
443 211 -1
443 238 -1
443 252 -1
443 273 -1
443 280 -1
443 309 -1
443 407 -1
444 17 1
444 69 1
444 106 1
444 114 -1
444 124 1
444 321 1
444 387 1
444 402 1
444 426 1
444 499 1
445 86 3
445 190 3
445 210 3
445 220 3
445 222 7
445 278 3
445 300 3
445 390 3
445 478 5
445 485 5
446 295 1
446 308 1
446 311 1
446 336 -1
446 340 1
446 404 1
446 472 1
447 3 3
447 6 1
447 95 1
447 102 1
447 119 1
447 211 1
447 269 1
447 332 3
447 353 5
447 456 1
448 19 1
448 24 1
448 96 3
448 100 1
448 138 1
448 199 3
448 292 3
448 314 1
448 344 1
448 405 1
448 465 -1
448 467 1
449 150 -1
449 260 1
449 282 3
449 287 1
449 382 1
449 418 1
450 48 3
450 68 1
450 93 3
450 101 -1
450 134 1
450 227 1
450 282 3
450 289 1
450 291 1
450 318 1
450 360 1
450 398 3
450 419 3
450 437 1
450 484 1
451 148 3
451 157 3
451 240 3
451 256 3
451 263 3
451 290 3
452 44 1
452 55 5
452 97 1
452 139 -1
452 207 1
452 209 1
452 277 1
452 487 1
453 11 -1
453 66 -1
453 82 1
453 125 -1
453 224 -1
453 255 -1
453 438 1
453 442 -1
453 471 -1
454 12 1
454 44 1
454 66 1
454 81 1
454 104 1
454 161 3
454 196 1
454 201 1
454 235 3
455 155 1
455 158 1
455 177 1
455 215 3
455 231 1
455 238 1
455 269 1
455 288 3
455 315 3
455 336 -1
455 426 1
455 430 3
455 493 1
456 37 1
456 52 3
456 126 1
456 229 1
456 253 1
456 294 -1
456 400 1
456 459 1
456 471 1
457 26 1
457 115 -1
457 119 1
457 147 1
457 192 1
457 209 1
457 261 3
457 285 1
457 321 1
457 329 5
457 349 -1
457 431 -1
457 479 1
458 117 -1
458 169 1
458 238 1
458 293 -1
458 296 1
458 301 1
458 316 1
458 387 1
458 418 1
458 478 3
459 124 1
459 130 1
459 173 -1
459 175 3
459 226 1
459 230 1
459 242 1
459 262 -1
459 263 1
459 327 3
459 429 -1
459 445 -1
459 451 -1
459 474 3
460 18 3
460 66 1
460 97 1
460 134 1
460 184 1
460 320 3
460 324 1
460 332 3
460 413 1
460 421 1
460 425 3
461 133 1
461 145 3
461 181 3
461 191 3
461 213 5
461 294 1
461 312 5
461 362 3
461 409 3
461 496 9
462 12 1
462 16 1
462 60 1
462 61 1
462 98 1
462 138 1
462 140 3
462 214 1
462 238 1
462 241 3
462 277 1
462 292 3
462 312 3
462 392 1
462 426 1
463 15 1
463 116 3
463 183 1
463 383 1
464 12 1
464 24 1
464 41 1
464 77 3
464 89 1
464 166 3
464 288 3
464 309 1
464 344 1
464 345 1
464 432 3
464 433 1
465 29 1
465 38 3
465 49 5
465 66 3
465 224 3
465 233 5
465 322 3
465 328 3
465 372 1
465 391 3
465 395 3
465 499 3
466 77 3
466 107 1
466 118 -1
466 159 1
466 171 1
466 172 3
466 184 1
466 185 -1
466 250 1
467 102 1
467 155 1
467 215 3
467 302 1
467 309 1
467 322 1
467 335 3
467 375 3
467 433 1
467 480 1
468 10 1
468 39 1
468 64 1
468 143 1
468 194 1
468 197 3
468 205 1
468 342 3
469 50 3
469 78 1
469 142 3
469 162 3
469 171 1
469 252 1
469 253 1
469 272 1
469 347 3
469 361 1
469 375 3
469 448 1
469 475 1
470 22 -1
470 56 -1
470 83 -1
470 132 -1
470 142 -1
470 188 -1
470 215 -1
470 276 -1
470 304 -1
470 315 -1
470 335 -1
470 337 -1
470 398 -1
470 403 -1
470 439 -1
470 474 -1
471 169 1
471 183 1
471 253 1
471 267 1
471 431 -1
472 93 3
472 101 -1
472 107 1
472 118 -1
472 233 3
472 261 3
472 266 5
472 270 1
472 274 -1
472 317 1
472 337 3
472 349 -1
472 355 1
472 360 1
472 393 1
472 394 1
472 420 1
472 440 1
473 79 1
473 100 1
473 237 1
473 306 3
473 455 1
474 81 -1
474 87 1
474 159 -1
474 189 -1
474 202 -1
474 224 -1
474 317 -1
474 363 -1
474 392 -1
474 442 -1
474 486 -1
475 75 -1
475 139 -1
475 174 1
475 372 -1
475 445 -1
475 469 1
476 8 3
476 32 1
476 46 1
476 112 1
476 117 -1
476 123 3
476 287 1
476 350 1
476 376 -1
476 405 1
476 448 1
476 454 1
476 464 1
477 48 3
477 59 1
477 164 3
477 181 1
477 218 1
477 273 1
477 278 1
477 378 -1
477 399 1
477 448 1
478 45 -1
478 55 3
478 56 1
478 59 -1
478 97 -1
478 136 -1
478 201 -1
478 271 1
478 338 -1
478 388 -1
478 405 -1
478 460 -1
478 492 1
479 146 1
479 243 1
479 292 3
479 296 1
479 301 1
479 339 1
479 347 3
479 390 1
479 491 1
480 16 1
480 41 1
480 155 1
480 275 1
480 298 3
480 413 1
481 21 3
481 51 -1
481 170 3
481 171 1
481 173 -1
481 181 1
481 218 1
481 302 1
481 313 1
481 323 -1
481 330 1
481 340 1
481 431 -1
482 10 1
482 110 -1
482 396 -1
483 9 -1
483 98 -1
483 182 -1
483 209 -1
483 233 1
483 236 1
483 265 -1
483 279 3
483 347 1
483 354 -1
483 369 1
483 386 -1
483 404 -1
483 460 -1
484 80 1
484 87 3
484 119 1
484 158 1
484 198 -1
484 252 1
484 283 1
484 445 -1
484 447 1
484 475 1
485 4 1
485 71 -1
485 239 -1
485 362 -1
485 389 -1
485 391 -1
485 459 -1
485 481 -1
485 491 -1
486 8 3
486 77 3
486 137 1
486 194 1
486 207 1
486 219 1
486 232 1
486 271 3
486 276 3
486 303 1
486 332 3
486 451 -1
486 461 -1
486 492 3
486 496 7
487 43 1
487 60 1
487 113 1
487 186 3
487 233 3
487 313 1
487 328 1
487 367 -1
487 370 1
487 371 1
487 471 1
488 43 -1
488 52 1
488 76 -1
488 128 1
488 243 -1
488 305 -1
488 485 1
488 498 -1
489 79 1
489 135 1
489 150 -1
489 154 1
489 181 1
489 231 1
489 261 3
489 308 1
489 362 1
489 374 -1
489 376 -1
489 384 1
489 392 1
490 130 1
490 134 1
490 151 5
490 184 1
490 188 3
490 387 1
490 399 1
490 406 1
491 11 1
491 59 1
491 262 -1
491 264 -1
491 283 1
491 300 1
491 346 1
491 367 -1
491 445 -1
491 488 3
492 55 3
492 64 -1
492 152 -1
492 203 -1
492 252 -1
492 355 -1
492 397 -1
492 432 1
492 434 -1
493 73 1
493 115 -1
493 130 1
493 246 3
493 251 1
493 263 1
493 336 -1
493 355 1
493 429 -1
494 48 3
494 214 1
494 357 1
494 434 1
494 463 1
495 6 1
495 14 1
495 73 1
495 93 3
495 117 -1
495 178 3
495 242 1
495 322 1
495 356 1
495 481 1
495 493 1
496 55 -1
496 151 -1
496 222 -1
496 266 -1
496 268 -1
496 279 -1
496 329 -1
496 353 -1
496 412 -1
496 470 -1
497 47 1
497 56 3
497 91 1
497 139 -1
497 162 3
497 171 1
497 311 1
497 364 1
498 14 1
498 91 1
498 134 1
498 187 1
498 276 3
498 291 1
498 302 1
498 381 -1
498 393 1
498 409 1
498 424 -1
499 31 1
499 35 3
499 39 1
499 72 1
499 75 -1
499 136 1
499 138 1
499 192 1
499 324 1
499 442 1
499 445 -1
499 463 1
